# wavelength_AA flux_arb_scaled
# # 2011-03-07 Magellan/IMACS 200l/mm; digitized from Rest+2012 Fig.3 (arxiv eta03_spec.pdf)
# # Source: Rest et al. 2012 Nature 482, 375 Fig.3; vector-digitized from arXiv e-print
# # NOTE: Not author ASCII. Arbitrary flux scale (figure offsets). For line typing only.
4.603323999999999614e+03 6.934282305663428403e-01
4.605117000000000189e+03 7.352969188681939272e-01
4.606908999999999651e+03 1.038258621082243316e+00
4.611091999999999643e+03 4.708570720171394441e-01
4.612884000000000015e+03 6.893250607601091318e-01
4.614676999999999680e+03 6.545200286305288273e-01
4.616469000000000051e+03 9.663090450215348071e-01
4.618261999999999716e+03 1.011552202732417527e+00
4.620652000000000044e+03 5.429329862272078699e-01
4.622444000000000415e+03 1.034110330508380748e+00
4.624237000000000080e+03 1.155064444271417301e+00
4.626029000000000451e+03 7.033536714254635669e-01
4.627822000000000116e+03 8.887774659955622880e-01
4.630212000000000444e+03 9.262982043267946608e-01
4.632003999999999905e+03 9.246027914831467243e-01
4.633796999999999571e+03 1.221291578977616865e+00
4.635588999999999942e+03 9.332107059275100980e-01
4.637381999999999607e+03 1.275497413168342753e+00
4.639771999999999935e+03 1.350200484073591944e+00
4.645149999999999636e+03 6.514337681247264200e-01
4.646942000000000007e+03 9.079678924776395377e-01
4.649332000000000335e+03 7.803973821514507136e-01
4.652917000000000371e+03 1.347392844307896631e+00
4.654710000000000036e+03 5.256116875441492198e-01
4.656502000000000407e+03 5.824350902669346297e-01
4.660685000000000400e+03 1.123741607383581531e+00
4.664270000000000437e+03 7.743658635386854172e-01
4.666061999999999898e+03 8.514157783702218651e-01
4.667854999999999563e+03 8.393662773749799300e-01
4.672037999999999556e+03 1.472999473223046252e+00
4.673829999999999927e+03 1.092734051859550526e+00
4.677414999999999964e+03 9.985044047533913059e-01
4.681597999999999956e+03 4.866487766775851043e-01
4.683390000000000327e+03 8.815192265128928284e-01
4.685182999999999993e+03 9.748842469093670360e-01
4.691158000000000357e+03 7.878107242728447090e-01
4.692949999999999818e+03 7.775322134070288271e-01
4.694743000000000393e+03 9.457661235297880609e-01
4.696534999999999854e+03 1.511889626851809609e+00
4.702510000000000218e+03 5.475759132161996945e-01
4.704302999999999884e+03 1.124641766697773271e+00
4.706095000000000255e+03 1.267254976941772249e+00
4.710278000000000247e+03 6.974687953074916180e-01
4.713863000000000284e+03 1.116102661424044129e+00
4.718046000000000276e+03 8.436234218007472307e-01
4.719837999999999738e+03 1.148622326673231164e+00
4.721631000000000313e+03 9.034766840697985302e-01
4.723422999999999774e+03 8.443335098813031792e-01
4.725216000000000349e+03 1.240638236117607818e+00
4.727605999999999767e+03 1.191678819182907745e+00
4.731190999999999804e+03 8.047592126133711332e-01
4.732983000000000175e+03 8.160952414704834013e-01
4.738957999999999629e+03 1.027874640422095531e+00
4.740751000000000204e+03 9.700969334639637509e-01
4.744336000000000240e+03 1.016743911057693239e+00
4.746725999999999658e+03 1.011741145946862375e+00
4.748519000000000233e+03 1.013936835301593398e+00
4.750310999999999694e+03 8.146970616835895740e-01
4.753895999999999731e+03 1.261415221591429159e+00
4.755689000000000306e+03 9.814797751174912932e-01
4.758078999999999724e+03 1.040778051944710292e+00
4.759871000000000095e+03 1.252947745536309831e+00
4.763456000000000131e+03 9.180191074765255976e-01
4.767639000000000124e+03 1.278124569863523519e+00
4.771224000000000160e+03 8.724234437685440824e-01
4.773015999999999622e+03 9.813269285171486445e-01
4.774809000000000196e+03 7.276309004480800979e-01
4.778992000000000189e+03 1.058594551052493671e+00
4.782577000000000226e+03 8.442568045763350071e-01
4.784368999999999687e+03 8.133552828562313763e-01
4.788551999999999680e+03 1.357956744028963492e+00
4.792136999999999716e+03 1.138291926924642539e+00
4.793929000000000087e+03 1.052701214790591422e+00
4.796319000000000415e+03 8.564935567572353747e-01
4.799904000000000451e+03 1.049560809363634384e+00
4.801697000000000116e+03 9.385028079607593554e-01
4.803488999999999578e+03 9.701510783851174935e-01
4.805878999999999905e+03 8.633265330050052810e-01
4.809463999999999942e+03 1.138885829028555285e+00
4.813048999999999978e+03 9.540175839098843369e-01
4.815439999999999600e+03 1.175427446702244971e+00
4.819024999999999636e+03 8.968935640727728753e-01
4.820817000000000007e+03 9.599831133999927602e-01
4.822609999999999673e+03 1.125622579384102373e+00
4.825000000000000000e+03 1.147983303801689559e+00
4.826792000000000371e+03 1.191237763679337647e+00
4.828585000000000036e+03 1.290461151742801960e+00
4.830377000000000407e+03 1.246207830871774114e+00
4.832170000000000073e+03 1.012514967111694197e+00
4.833962000000000444e+03 1.072946903225584059e+00
4.836351999999999862e+03 1.376574136762156009e+00
4.838145000000000437e+03 1.293493831337045208e+00
4.841729999999999563e+03 1.034740329226395694e+00
4.843521999999999935e+03 9.253252877748012750e-01
4.847704999999999927e+03 1.136006560044249269e+00
4.849497999999999593e+03 1.054788614303013183e+00
4.853082999999999629e+03 1.146840056351898340e+00
4.855472999999999956e+03 1.411073475691051904e+00
4.857265000000000327e+03 1.394066894362203435e+00
4.860850000000000364e+03 9.779344108010663561e-01
4.862643000000000029e+03 1.004803263914356037e+00
4.865033000000000357e+03 1.323790734770924793e+00
4.866824999999999818e+03 1.147875013959381185e+00
4.868618000000000393e+03 1.153706309165793975e+00
4.872203000000000429e+03 1.050325606374940435e+00
4.878177999999999884e+03 1.319678540811164424e+00
4.881762999999999920e+03 1.043333579421279467e+00
4.884153000000000247e+03 1.223775477235576226e+00
4.885945999999999913e+03 1.121573554499022407e+00
4.887738000000000284e+03 1.321586021262667998e+00
4.889530999999999949e+03 1.253325631965200415e+00
4.891323000000000320e+03 1.283298793891343159e+00
4.895506000000000313e+03 1.225143200504320795e+00
4.897297999999999774e+03 1.124596645930144412e+00
4.899091000000000349e+03 1.230550924504619559e+00
4.900882999999999811e+03 1.159707935270004597e+00
4.903273000000000138e+03 9.295638198839206723e-01
4.905065999999999804e+03 9.464406790058372820e-01
4.908650999999999840e+03 1.235518157010942808e+00
4.910443000000000211e+03 1.360179505844271830e+00
4.912832999999999629e+03 1.175382889944211584e+00
4.914626000000000204e+03 1.124245831961832032e+00
4.916417999999999665e+03 1.160805497942572373e+00
4.918211000000000240e+03 1.164854522827652339e+00
4.920003999999999905e+03 1.414159736196854311e+00
4.921796000000000276e+03 1.424606885931681610e+00
4.925979000000000269e+03 1.034317322029877140e+00
4.927770999999999731e+03 1.072748935857613439e+00
4.929564000000000306e+03 1.339285770384211816e+00
4.933746000000000095e+03 1.033165614436154733e+00
4.935538999999999760e+03 1.301600905260730023e+00
4.937331000000000131e+03 1.191786545015621535e+00
4.939123999999999796e+03 1.274902947054834534e+00
4.940916000000000167e+03 1.169786222729467973e+00
4.943305999999999585e+03 1.163972975830106726e+00
4.945099000000000160e+03 1.309519599979565463e+00
4.948684000000000196e+03 1.065622674620256838e+00
4.950475999999999658e+03 1.195142966117600736e+00
4.958243999999999687e+03 1.039554151122781711e+00
4.960037000000000262e+03 1.064569668705722449e+00
4.962426999999999680e+03 1.168642975279675866e+00
4.964219000000000051e+03 1.177155572102424053e+00
4.966011999999999716e+03 1.121735425252890828e+00
4.967804000000000087e+03 1.283577414631450253e+00
4.969596999999999753e+03 1.332690242176088447e+00
4.971987000000000080e+03 1.288121639941254948e+00
4.973779000000000451e+03 1.103343072348246245e+00
4.975572000000000116e+03 1.181321346973742692e+00
4.977363999999999578e+03 1.330296585453385916e+00
4.979157000000000153e+03 1.327552114762371005e+00
4.985131999999999607e+03 1.147407450004828355e+00
4.988716999999999643e+03 1.294258628348352147e+00
4.991106999999999971e+03 1.157485173454696259e+00
4.992899999999999636e+03 1.126441521316563055e+00
4.994692000000000007e+03 1.189410936599971436e+00
4.996484999999999673e+03 1.071066495234658689e+00
4.998277000000000044e+03 1.103405677413331176e+00
5.000069999999999709e+03 1.251291813364336925e+00
5.002460000000000036e+03 1.240106939078780002e+00
5.004252000000000407e+03 1.289165621702263564e+00
5.007837000000000444e+03 1.180061913547306496e+00
5.009630000000000109e+03 1.169812731180449816e+00
5.012020000000000437e+03 1.041093333308515057e+00
5.013811999999999898e+03 1.027623092142565753e+00
5.015604999999999563e+03 1.275164083497485557e+00
5.019189999999999600e+03 1.177164596255948936e+00
5.021579999999999927e+03 1.160940296235863478e+00
5.023372000000000298e+03 1.132137454220089268e+00
5.025164999999999964e+03 1.144248996270820662e+00
5.028750000000000000e+03 1.239522061128393027e+00
5.032932999999999993e+03 1.116390306317676995e+00
5.036518000000000029e+03 1.349084873093972625e+00
5.038310000000000400e+03 1.351802271324410221e+00
5.040699999999999818e+03 1.186315651940643257e+00
5.042493000000000393e+03 1.184390123182089027e+00
5.044284999999999854e+03 1.293268791508497273e+00
5.046078000000000429e+03 1.114995510588355110e+00
5.050260000000000218e+03 1.212725401243310408e+00
5.052052999999999884e+03 1.139992979864244305e+00
5.053845000000000255e+03 1.169407772290981917e+00
5.057430000000000291e+03 6.544839320164257401e-01
5.059819999999999709e+03 9.707901012566590992e-01
5.063405999999999949e+03 5.503559812169709353e+00
5.065198000000000320e+03 3.980068937388514971e+00
5.066990999999999985e+03 9.133508000557419848e-01
5.069381000000000313e+03 7.279997627234449098e-01
5.071172999999999774e+03 1.159464847134405119e+00
5.072966000000000349e+03 1.165556714773873459e+00
5.074757999999999811e+03 1.247422707540176923e+00
5.076551000000000386e+03 1.261972463071643347e+00
5.078940999999999804e+03 1.246819781282738404e+00
5.080733000000000175e+03 1.295635375770622488e+00
5.082525999999999840e+03 1.279447172364639229e+00
5.084318000000000211e+03 1.134845828297001979e+00
5.086110999999999876e+03 1.175859478052289298e+00
5.087903000000000247e+03 1.260308070755740140e+00
5.090292999999999665e+03 1.254288396344477086e+00
5.092086000000000240e+03 1.332743823087646717e+00
5.093877999999999702e+03 1.346727312985373182e+00
5.095671000000000276e+03 1.206660606064419383e+00
5.097463999999999942e+03 1.274255464039363517e+00
5.099854000000000269e+03 1.186387845168848543e+00
5.101645999999999731e+03 1.183139149899583131e+00
5.103439000000000306e+03 1.308457569911505303e+00
5.105230999999999767e+03 1.323511550021222227e+00
5.107024000000000342e+03 1.296202205413957920e+00
5.109413999999999760e+03 1.213193529207457821e+00
5.111206000000000131e+03 1.299693424809227338e+00
5.114791000000000167e+03 1.229453361832051783e+00
5.116583999999999833e+03 1.380551532428625272e+00
5.118974000000000160e+03 1.361925115541906983e+00
5.120765999999999622e+03 1.244498317788242936e+00
5.122559000000000196e+03 1.217152876566875541e+00
5.124350999999999658e+03 1.370581534811470270e+00
5.126144000000000233e+03 1.393220879969165438e+00
5.128533999999999651e+03 1.481142643760834154e+00
5.132118999999999687e+03 1.226124013190649897e+00
5.133912000000000262e+03 1.304318303491168507e+00
5.135703999999999724e+03 1.320596184422813124e+00
5.138094000000000051e+03 1.272077822991683149e+00
5.141679000000000087e+03 1.328199597777842911e+00
5.143471999999999753e+03 1.231828406238106410e+00
5.147654000000000451e+03 1.461211672680051699e+00
5.149447000000000116e+03 1.310518460972945221e+00
5.151238999999999578e+03 1.266156850259609001e+00
5.153032000000000153e+03 1.284495622252694425e+00
5.154823999999999614e+03 1.281490015119028492e+00
5.157213999999999942e+03 1.651128367686776954e+00
5.160798999999999978e+03 3.396713530904299283e+00
5.162591999999999643e+03 2.941762804937808617e+00
5.166774000000000342e+03 9.848361962194704944e-01
5.170359999999999673e+03 1.321972931845083465e+00
5.172152000000000044e+03 1.468248256391746054e+00
5.173944999999999709e+03 1.445060129897766998e+00
5.178127000000000407e+03 1.240377099674956796e+00
5.179920000000000073e+03 1.212329466507368281e+00
5.181712000000000444e+03 1.146012654275506470e+00
5.183505000000000109e+03 1.186198901954403695e+00
5.187686999999999898e+03 1.303418708186571351e+00
5.189479999999999563e+03 1.192758333548423977e+00
5.191271999999999935e+03 1.219033284557800911e+00
5.193064999999999600e+03 1.281984651534157749e+00
5.194856999999999971e+03 1.199021096095286509e+00
5.197247000000000298e+03 1.217962230336214979e+00
5.199039999999999964e+03 1.380911370550463424e+00
5.200832000000000335e+03 1.238640514130848302e+00
5.202625000000000000e+03 1.232125639294860520e+00
5.204417999999999665e+03 2.149558875364261823e+00
5.210393000000000029e+03 5.666427735002226740e+00
5.213978000000000065e+03 5.632779403509831084e-01
5.218159999999999854e+03 1.405953396584386006e+00
5.219953000000000429e+03 1.488053453332763176e+00
5.221744999999999891e+03 1.410632420187481806e+00
5.223537999999999556e+03 1.422536970716715921e+00
5.225927999999999884e+03 1.363076823135628501e+00
5.231305000000000291e+03 1.342444224118220397e+00
5.233097999999999956e+03 1.280203509232014980e+00
5.239073000000000320e+03 1.359234789772045815e+00
5.240865999999999985e+03 1.289237250920874267e+00
5.242658000000000357e+03 1.428692007430864663e+00
5.245047999999999774e+03 1.461958421384306206e+00
5.246841000000000349e+03 1.394336490948784757e+00
5.248632999999999811e+03 1.270899042937384316e+00
5.252217999999999847e+03 1.537768643125244417e+00
5.254011000000000422e+03 1.527411734925673947e+00
5.256400999999999840e+03 1.493308330732719291e+00
5.258193000000000211e+03 1.542222626899791393e+00
5.261778000000000247e+03 1.382063078144185830e+00
5.263570999999999913e+03 1.355491458087651147e+00
5.265961000000000240e+03 1.354627395387561606e+00
5.267752999999999702e+03 1.380128525232105829e+00
5.269546000000000276e+03 1.337791708966106441e+00
5.271337999999999738e+03 1.446769078971703593e+00
5.277314000000000306e+03 1.315989354047924387e+00
5.279105999999999767e+03 1.372263975434425021e+00
5.282690999999999804e+03 1.278232859705831892e+00
5.285081000000000131e+03 1.385599418307084996e+00
5.286873999999999796e+03 1.391538439346210687e+00
5.288666000000000167e+03 1.409273721072262120e+00
5.290458999999999833e+03 1.498257514931991885e+00
5.292251000000000204e+03 1.518413525841322276e+00
5.294640999999999622e+03 1.442999238836326192e+00
5.296434000000000196e+03 1.459187442242309452e+00
5.300019000000000233e+03 1.295842367292118880e+00
5.301810999999999694e+03 1.295500013467735911e+00
5.304201000000000022e+03 1.278475383831835899e+00
5.305993999999999687e+03 1.281048959615457505e+00
5.307786000000000058e+03 1.279933348635838186e+00
5.309578999999999724e+03 1.292099035607723323e+00
5.313761999999999716e+03 1.558014331560237054e+00
5.315554000000000087e+03 1.585549280005644768e+00
5.317346999999999753e+03 1.507525320602923991e+00
5.320931999999999789e+03 1.231495640576844686e+00
5.323322000000000116e+03 1.297317816393577239e+00
5.325113999999999578e+03 1.293646677937387857e+00
5.326907000000000153e+03 1.206273695482003028e+00
5.328698999999999614e+03 1.330935044315332050e+00
5.330492000000000189e+03 1.325239675421400420e+00
5.334673999999999978e+03 1.296525946921693873e+00
5.338259000000000015e+03 1.361151294377074272e+00
5.340051999999999680e+03 1.330197319764603314e+00
5.341844000000000051e+03 1.329144877859663509e+00
5.346027000000000044e+03 1.368898530178920936e+00
5.347819999999999709e+03 1.370716333104761375e+00
5.349612000000000080e+03 1.293691234695421244e+00
5.351404999999999745e+03 1.277980747416706642e+00
5.355587000000000444e+03 1.377321449476005988e+00
5.357380000000000109e+03 1.509712549813724713e+00
5.359171999999999571e+03 1.447255255242902550e+00
5.363354999999999563e+03 1.258076284786906029e+00
5.365146999999999935e+03 1.211051984773881429e+00
5.368731999999999971e+03 1.069023652480269426e+00
5.374707000000000335e+03 1.488295977458768071e+00
5.376500000000000000e+03 1.527204743404177556e+00
5.378292000000000371e+03 1.453113058900297183e+00
5.382475000000000364e+03 1.176273461095282968e+00
5.386060000000000400e+03 1.340356260596202276e+00
5.387853000000000065e+03 1.268667256968550205e+00
5.392034999999999854e+03 1.238100192938494715e+00
5.397412999999999556e+03 1.388874622027332251e+00
5.399204999999999927e+03 1.324735450843149920e+00
5.401595000000000255e+03 1.316556183691259818e+00
5.403387999999999920e+03 1.296525946921693873e+00
5.405180000000000291e+03 1.297128873179131503e+00
5.406972999999999956e+03 1.370212672536106346e+00
5.408765000000000327e+03 1.334381706952568969e+00
5.411154999999999745e+03 1.428962168027041457e+00
5.414739999999999782e+03 1.471955491462037635e+00
5.418326000000000022e+03 1.408310956692985449e+00
5.420118000000000393e+03 1.435279075495057732e+00
5.426092999999999847e+03 1.255251160723754644e+00
5.432068000000000211e+03 1.336828944586829770e+00
5.433860999999999876e+03 1.327056914337646276e+00
5.435653000000000247e+03 1.335272278103639465e+00
5.437445999999999913e+03 1.416256159862801844e+00
5.439238000000000284e+03 1.626446179774693412e+00
5.447006000000000313e+03 1.340887557635030092e+00
5.448797999999999774e+03 1.292917413530589421e+00
5.451189000000000306e+03 1.358172759703985655e+00
5.452980999999999767e+03 1.352845689075823365e+00
5.454774000000000342e+03 1.311336838895810430e+00
5.458359000000000378e+03 1.366298445944317486e+00
5.462541000000000167e+03 1.099050959327566801e+00
5.466126000000000204e+03 1.243436287720181888e+00
5.467918999999999869e+03 1.206642557757367840e+00
5.473894000000000233e+03 1.428611354058728189e+00
5.475685999999999694e+03 1.420440547050767499e+00
5.477479000000000269e+03 1.418830299656018923e+00
5.479868999999999687e+03 1.477867440040586899e+00
5.481661000000000058e+03 1.493344427346822378e+00
5.483453999999999724e+03 1.493578491328896085e+00
5.487038999999999760e+03 1.450512974665693733e+00
5.489429000000000087e+03 1.452159318674545396e+00
5.491221999999999753e+03 1.460500456580303918e+00
5.494806999999999789e+03 1.375368848256874443e+00
5.496599000000000160e+03 1.400797784873213381e+00
5.498988999999999578e+03 1.379462429899987796e+00
5.502573999999999614e+03 1.475788500672094550e+00
5.504367000000000189e+03 1.475591097313719402e+00
5.506158999999999651e+03 1.449828831026524156e+00
5.507952000000000226e+03 1.405881767365776192e+00
5.512134000000000015e+03 1.435297123802109276e+00
5.513926999999999680e+03 1.387435269539976979e+00
5.515719000000000051e+03 1.454120944047202713e+00
5.519902000000000044e+03 1.331970001922814895e+00
5.521694000000000415e+03 1.407887949496466007e+00
5.525279999999999745e+03 1.298739684583476439e+00
5.527072000000000116e+03 1.367666169213062055e+00
5.529462000000000444e+03 1.314864154905183824e+00
5.531255000000000109e+03 1.388218114858334573e+00
5.534840000000000146e+03 1.411820224395306411e+00
5.536631999999999607e+03 1.390116571156311487e+00
5.539021999999999935e+03 1.324735450843149920e+00
5.542606999999999971e+03 1.492210204050556044e+00
5.544399999999999636e+03 1.500713776719778458e+00
5.546192000000000007e+03 1.495818737441660495e+00
5.550375000000000000e+03 1.606407482861197167e+00
5.552167000000000371e+03 1.603644963863130712e+00
5.555752000000000407e+03 1.696218114787721554e+00
5.559935000000000400e+03 1.532306774203791022e+00
5.561728000000000065e+03 1.493766870533746349e+00
5.563520000000000437e+03 1.493443129026010396e+00
5.565313000000000102e+03 1.434981842438303623e+00
5.567703000000000429e+03 1.440533388885418375e+00
5.569494999999999891e+03 1.438868996569515168e+00
5.573079999999999927e+03 1.630864066935137302e+00
5.574872999999999593e+03 1.619814554952466956e+00
5.579055000000000291e+03 1.566634654215698141e+00
5.580847999999999956e+03 1.592037082381055235e+00
5.584432999999999993e+03 1.521778971096827249e+00
5.588614999999999782e+03 1.584676193152029455e+00
5.592199999999999818e+03 1.386688520835722471e+00
5.593993000000000393e+03 1.430950865860275201e+00
5.595786000000000058e+03 1.427054687575537884e+00
5.598176000000000386e+03 1.463182322206234787e+00
5.599967999999999847e+03 1.440326961373517456e+00
5.601761000000000422e+03 1.384204622577763111e+00
5.603552999999999884e+03 1.421484528811777004e+00
5.607735999999999876e+03 1.389153806777034816e+00
5.609528000000000247e+03 1.467393781854777757e+00
5.613113000000000284e+03 1.505717105840204795e+00
5.614905999999999949e+03 1.543050592985777847e+00
5.619087999999999738e+03 1.395092827816160508e+00
5.620881000000000313e+03 1.368035031488426867e+00
5.622672999999999774e+03 1.480008984474163292e+00
5.624466000000000349e+03 1.478767599354779527e+00
5.626855999999999767e+03 1.442540135025704551e+00
5.630440999999999804e+03 1.336118292496677462e+00
5.632234000000000378e+03 1.369879906874844622e+00
5.636416000000000167e+03 1.642040481076763925e+00
5.640001000000000204e+03 1.719290055305056519e+00
5.641793999999999869e+03 1.547027424642651638e+00
5.643586000000000240e+03 1.522552792261659071e+00
5.645975999999999658e+03 1.628002846257882830e+00
5.647769000000000233e+03 1.518926210563503076e+00
5.649560999999999694e+03 1.539307261301382290e+00
5.651354000000000269e+03 1.637783900660592096e+00
5.653145999999999731e+03 1.588095783328689059e+00
5.655536000000000058e+03 1.596661961062995516e+00
5.659121000000000095e+03 1.647699753356592467e+00
5.660913999999999760e+03 1.641077152687891783e+00
5.662706000000000131e+03 1.653296984580931550e+00
5.665096999999999753e+03 1.674865839526635369e+00
5.668681999999999789e+03 1.568857416031006480e+00
5.670474000000000160e+03 1.430815503557389512e+00
5.672266999999999825e+03 1.433812086537529673e+00
5.674059000000000196e+03 1.501568815266342227e+00
5.676448999999999614e+03 1.479649146352325140e+00
5.678242000000000189e+03 1.516604747069007608e+00
5.680033999999999651e+03 1.510305887908041989e+00
5.681827000000000226e+03 1.592019034074003692e+00
5.687801999999999680e+03 1.637963819721512060e+00
5.689594000000000051e+03 1.617250003322371121e+00
5.693179000000000087e+03 1.555126602432000738e+00
5.695569000000000415e+03 1.592658056945544409e+00
5.697362000000000080e+03 1.544103598900312235e+00
5.699154999999999745e+03 1.546524328083591193e+00
5.700947000000000116e+03 1.600027406318500489e+00
5.705130000000000109e+03 1.528329378537322647e+00
5.706921999999999571e+03 1.590219279455213908e+00
5.708715000000000146e+03 1.563422619570131289e+00
5.710506999999999607e+03 1.606829926048121138e+00
5.712300000000000182e+03 1.682847139310554851e+00
5.714689999999999600e+03 1.691638356873410132e+00
5.718274999999999636e+03 1.542717263314920650e+00
5.720067000000000007e+03 1.553758315153660696e+00
5.726042000000000371e+03 1.444780945148064433e+00
5.727835000000000036e+03 1.461904840472747047e+00
5.729627000000000407e+03 1.581175949603234265e+00
5.731420000000000073e+03 1.580591635662442762e+00
5.733810000000000400e+03 1.606083177343865742e+00
5.735603000000000065e+03 1.697432991456124363e+00
5.737395000000000437e+03 1.620624472731401866e+00
5.740979999999999563e+03 1.727658265671392357e+00
5.745162999999999556e+03 1.622370082429037019e+00
5.748747999999999593e+03 1.695345591943701713e+00
5.750539999999999964e+03 1.673497552248295328e+00
5.752930000000000291e+03 1.670357710830933762e+00
5.754722999999999956e+03 1.724427618709178489e+00
5.756515000000000327e+03 1.722160300135836764e+00
5.758307999999999993e+03 1.706872256044046132e+00
5.761893000000000029e+03 1.648725686810549540e+00
5.764283000000000357e+03 1.652883001537937879e+00
5.766074999999999818e+03 1.602421063041202132e+00
5.767868000000000393e+03 1.606722200215407348e+00
5.769659999999999854e+03 1.631800322863433017e+00
5.771453000000000429e+03 1.560489205664670642e+00
5.773842999999999847e+03 1.561235954368925150e+00
5.779220999999999549e+03 1.844968313438817731e+00
5.781012999999999920e+03 1.742541350873715977e+00
5.783403000000000247e+03 1.535843114366690187e+00
5.785195999999999913e+03 1.497087759031217935e+00
5.786988000000000284e+03 1.611599191186472879e+00
5.788780999999999949e+03 1.559526441285393084e+00
5.790573000000000320e+03 1.604634236693389227e+00
5.792962999999999738e+03 1.703281770959993224e+00
5.798341000000000349e+03 1.653431782874221767e+00
5.800132999999999811e+03 1.598650658896230148e+00
5.802523000000000138e+03 1.743693058467438384e+00
5.804315999999999804e+03 1.716635262139703855e+00
5.806109000000000378e+03 1.729278101229263065e+00
5.807900999999999840e+03 1.726857372045983219e+00
5.809694000000000415e+03 1.732004523613226432e+00
5.812083999999999833e+03 1.712397294040179041e+00
5.813876000000000204e+03 1.594151554354054312e+00
5.815668999999999869e+03 1.561505550955506472e+00
5.819253999999999905e+03 1.709761113191473392e+00
5.821644000000000233e+03 1.704802904838675026e+00
5.823435999999999694e+03 1.611122603078395166e+00
5.828814000000000306e+03 1.741983545383906318e+00
5.831203999999999724e+03 1.742739318241686597e+00
5.832996000000000095e+03 1.662186903822973960e+00
5.834788999999999760e+03 1.638099182024397749e+00
5.836581000000000131e+03 1.709625750888586815e+00
5.840166000000000167e+03 1.622252768433201986e+00
5.844349000000000160e+03 1.723780135693706583e+00
5.849726999999999862e+03 1.695426245315838187e+00
5.853908999999999651e+03 1.653143573970993430e+00
5.857493999999999687e+03 1.470614840653870381e+00
5.861676999999999680e+03 1.652730154937596119e+00
5.863469000000000051e+03 1.603041473596096722e+00
5.865261999999999716e+03 1.595051713668246940e+00
5.867054000000000087e+03 1.655402432400404855e+00
5.868846999999999753e+03 1.770823048023378199e+00
5.873029000000000451e+03 1.752250212048219069e+00
5.874822000000000116e+03 1.776941424113828383e+00
5.878407000000000153e+03 1.588671637125550262e+00
5.880796999999999571e+03 1.576496926000139354e+00
5.882590000000000146e+03 1.532666612325630062e+00
5.884381999999999607e+03 1.566815137286212689e+00
5.887966999999999643e+03 1.687121204024182752e+00
5.890356999999999971e+03 1.700744855800070177e+00
5.892149999999999636e+03 1.681362102045976137e+00
5.893942000000000007e+03 1.689739900575433218e+00
5.895734999999999673e+03 1.731185581680765750e+00
5.897527000000000044e+03 1.708824857263177677e+00
5.903502000000000407e+03 1.504106294435860747e+00
5.905295000000000073e+03 1.499211255157742784e+00
5.909476999999999862e+03 1.685555513387467563e+00
5.911270000000000437e+03 1.703606076477324649e+00
5.913063000000000102e+03 1.686599495148476180e+00
5.916648000000000138e+03 1.751818180698174743e+00
5.919037999999999556e+03 1.731140460913136891e+00
5.920829999999999927e+03 1.729728180886358935e+00
5.922622999999999593e+03 1.738672245049555976e+00
5.924414999999999964e+03 1.756875654739754822e+00
5.926207999999999629e+03 1.739364848832655852e+00
5.928000000000000000e+03 1.740885418701743070e+00
5.930390000000000327e+03 1.730088019008197975e+00
5.932182999999999993e+03 1.693708272088375821e+00
5.933975000000000364e+03 1.758855328419463682e+00
5.935768000000000029e+03 1.764164350740574427e+00
5.937560000000000400e+03 1.720135505688499045e+00
5.941743000000000393e+03 1.740265008146848480e+00
5.945328000000000429e+03 1.789359223374839658e+00
5.947121000000000095e+03 1.805375967863833253e+00
5.949511000000000422e+03 1.757325170387256108e+00
5.951302999999999884e+03 1.767583376907638559e+00
5.953095999999999549e+03 1.794758487231207233e+00
5.954887999999999920e+03 1.745681756300673015e+00
5.956680999999999585e+03 1.788279144999727954e+00
5.959070999999999913e+03 1.798897189641948557e+00
5.960863000000000284e+03 1.749118830774787803e+00
5.964448000000000320e+03 1.806995803421703073e+00
5.966240999999999985e+03 1.750387852364345243e+00
5.968631000000000313e+03 1.749056225709702872e+00
5.970422999999999774e+03 1.796377758779481582e+00
5.972216000000000349e+03 1.771632965802313109e+00
5.974007999999999811e+03 1.722277614131671797e+00
5.975801000000000386e+03 1.720171602302602132e+00
5.979983000000000175e+03 1.649077064788458280e+00
5.981775999999999840e+03 1.679697709730072930e+00
5.983569000000000415e+03 1.676413481856299015e+00
5.985360999999999876e+03 1.691206325523364917e+00
5.987751000000000204e+03 1.728018103793231397e+00
5.991336000000000240e+03 1.728702247432401862e+00
5.993128999999999905e+03 1.670366170974864062e+00
5.994921000000000276e+03 1.679706733883598702e+00
5.997310999999999694e+03 1.772352642045991189e+00
6.000895999999999731e+03 1.692394129731190411e+00
6.002689000000000306e+03 1.692853233541812052e+00
6.004480999999999767e+03 1.705387782789062001e+00
6.008663999999999760e+03 1.748408178684636383e+00
6.010456000000000131e+03 1.760295244916414426e+00
6.012248999999999796e+03 1.749641103660089847e+00
6.014041000000000167e+03 1.755166141656222756e+00
6.018224000000000160e+03 1.793858327917014606e+00
6.021809000000000196e+03 1.757325170387256108e+00
6.025394000000000233e+03 1.869083671707565841e+00
6.027783999999999651e+03 1.866924078966937905e+00
6.029577000000000226e+03 1.909126096939646189e+00
6.031368999999999687e+03 1.883480580638689617e+00
6.034953999999999724e+03 1.771273127680474957e+00
6.039136999999999716e+03 1.813294098573073221e+00
6.042721999999999753e+03 1.695255914418040355e+00
6.046904000000000451e+03 1.770823048023378199e+00
6.050488999999999578e+03 1.669898607020312120e+00
6.052282000000000153e+03 1.696839653361807088e+00
6.054074999999999818e+03 1.759845165259318556e+00
6.058256999999999607e+03 1.797187676558416491e+00
6.060050000000000182e+03 1.793948569452272324e+00
6.063635000000000218e+03 1.841188885140319087e+00
6.067817000000000007e+03 1.811585149499136627e+00
6.069609999999999673e+03 1.860535542280310928e+00
6.071402000000000044e+03 1.966894215734657614e+00
6.073194999999999709e+03 1.983811119537843837e+00
6.075585000000000036e+03 2.068844590191680766e+00
6.077377000000000407e+03 2.228653324978973060e+00
6.079170000000000073e+03 2.098988647025217702e+00
6.082755000000000109e+03 1.516217836486591253e+00
6.086936999999999898e+03 1.316223418029998093e+00
6.088729999999999563e+03 1.291981721611889178e+00
6.090523000000000138e+03 1.333571789173633171e+00
6.100082999999999629e+03 2.087200846482222261e+00
6.101875000000000000e+03 2.061105814533765290e+00
6.107850000000000364e+03 1.840738805483223217e+00
6.109643000000000029e+03 1.834170349735677163e+00
6.111435000000000400e+03 1.809424992748913219e+00
6.113228000000000065e+03 1.846947987118526591e+00
6.115618000000000393e+03 1.839569049582449267e+00
6.117409999999999854e+03 1.797907916811690043e+00
6.120994999999999891e+03 1.877631801134820755e+00
6.125177999999999884e+03 1.754625820463869168e+00
6.128762999999999920e+03 1.784500280710824782e+00
6.130555999999999585e+03 1.775681990687393075e+00
6.132347999999999956e+03 1.774692153847538201e+00
6.138323000000000320e+03 1.892838627844880328e+00
6.141908000000000357e+03 1.820313197987310616e+00
6.144297999999999774e+03 1.838579776752190753e+00
6.146091000000000349e+03 1.807625802139718907e+00
6.147882999999999811e+03 1.801686781100592327e+00
6.149676000000000386e+03 1.845778231217752641e+00
6.151467999999999847e+03 1.825081899116067774e+00
6.153858000000000175e+03 1.846947987118526591e+00
6.155650999999999840e+03 1.844338314720801897e+00
6.157443000000000211e+03 1.844878635913155485e+00
6.159235999999999876e+03 1.908316179160711279e+00
6.161029000000000451e+03 1.913444718411307477e+00
6.165211000000000240e+03 1.821753114484261360e+00
6.167003999999999905e+03 1.844428556256059615e+00
6.168796000000000276e+03 1.839119533934948869e+00
6.170588999999999942e+03 1.872862535996469013e+00
6.174770999999999731e+03 1.768123698099992147e+00
6.178355999999999767e+03 1.847307825240364743e+00
6.180149000000000342e+03 1.830481162972436238e+00
6.181940999999999804e+03 1.780361014290487987e+00
6.184331000000000131e+03 1.774601912312281371e+00
6.186123999999999796e+03 1.807175722482623037e+00
6.187916000000000167e+03 1.809065154627074179e+00
6.193890999999999622e+03 1.902467399656842417e+00
6.195684000000000196e+03 1.887260008937188260e+00
6.197476999999999862e+03 1.882851145930270143e+00
6.199269000000000233e+03 1.873312615653564883e+00
6.207037000000000262e+03 1.735702734529992242e+00
6.210622000000000298e+03 1.847847582423122859e+00
6.213011999999999716e+03 1.791878654237306634e+00
6.214804000000000087e+03 1.799977268017060261e+00
6.218389000000000124e+03 1.840738805483223217e+00
6.220181999999999789e+03 1.850817092942686592e+00
6.224363999999999578e+03 1.796738160910916093e+00
6.226157000000000153e+03 1.871242700438598305e+00
6.229742000000000189e+03 1.851716688247283749e+00
6.233925000000000182e+03 1.929462026909896544e+00
6.235716999999999643e+03 1.964464462397851996e+00
6.237510000000000218e+03 1.941879262161312347e+00
6.239301999999999680e+03 1.885460254318398476e+00
6.241692000000000007e+03 1.904986266509713921e+00
6.243484999999999673e+03 1.907775857968357691e+00
6.245277000000000044e+03 1.899137487005845060e+00
6.247069999999999709e+03 1.923613247406027682e+00
6.248862000000000080e+03 1.882851145930270143e+00
6.251252000000000407e+03 1.809605475819427767e+00
6.253045000000000073e+03 1.830751323568613032e+00
6.254837000000000444e+03 1.887080089876268296e+00
6.256630000000000109e+03 1.861705298181084878e+00
6.258421999999999571e+03 1.800967104856915135e+00
6.262604999999999563e+03 1.825712461843679080e+00
6.267983000000000175e+03 1.936390320779281637e+00
6.272164999999999964e+03 1.911465608741194089e+00
6.275750000000000000e+03 1.900487725977133557e+00
6.279335000000000036e+03 1.797457837154593285e+00
6.281725000000000364e+03 1.807445319069204359e+00
6.283518000000000029e+03 1.839749532652964703e+00
6.285310000000000400e+03 1.899767485723860894e+00
6.287103000000000065e+03 1.866384321784179789e+00
6.288895000000000437e+03 1.869443509829404881e+00
6.293078000000000429e+03 1.906965940189422781e+00
6.294869999999999891e+03 1.910385530366082385e+00
6.296662999999999556e+03 1.867194239563114699e+00
6.298454999999999927e+03 1.866294080248922072e+00
6.300845000000000255e+03 1.862065136302923030e+00
6.302637999999999920e+03 1.842089044454511715e+00
6.304430999999999585e+03 1.860085462623214170e+00
6.306222999999999956e+03 1.911555286266856335e+00
6.308015999999999622e+03 1.881500906958981645e+00
6.312198000000000320e+03 1.932071135298025766e+00
6.313990999999999985e+03 1.862784812546601110e+00
6.315783000000000357e+03 1.842628801637269831e+00
6.317576000000000022e+03 1.863234892203696980e+00
6.319966000000000349e+03 1.859995221087957340e+00
6.321757999999999811e+03 1.863414247255021472e+00
6.323551000000000386e+03 1.911015529084097331e+00
6.329525999999999840e+03 1.792328733894402504e+00
6.331318000000000211e+03 1.762004193990351020e+00
6.333110999999999876e+03 1.755885817899900836e+00
6.336695999999999913e+03 1.706836159429943045e+00
6.339086000000000240e+03 1.739292655604450566e+00
6.344463999999999942e+03 1.874572613089595663e+00
6.346256000000000313e+03 1.853246282269895850e+00
6.350439000000000306e+03 1.896707733669040330e+00
6.352230999999999767e+03 1.810055555476523637e+00
6.355815999999999804e+03 1.822563032263196270e+00
6.357609000000000378e+03 1.782251010444534600e+00
6.361791000000000167e+03 1.839659291117706985e+00
6.363583999999999833e+03 1.815364013788038910e+00
6.365376000000000204e+03 1.837949778034174919e+00
6.367168999999999869e+03 1.885190657731817154e+00
6.369559000000000196e+03 1.826432138087356272e+00
6.371350999999999658e+03 1.844428556256059615e+00
6.373144000000000233e+03 1.931801538711444444e+00
6.374936999999999898e+03 1.947548122604261245e+00
6.376729000000000269e+03 1.882580985334093349e+00
6.380912000000000262e+03 1.939539750359764447e+00
6.384497000000000298e+03 1.846497907461429833e+00
6.386288999999999760e+03 1.900667081028458050e+00
6.390471999999999753e+03 1.881771067555158439e+00
6.392264000000000124e+03 1.963564867093255728e+00
6.394056999999999789e+03 1.969593565658043666e+00
6.395849000000000160e+03 1.964285107346528392e+00
6.398238999999999578e+03 1.949707715344889181e+00
6.400032000000000153e+03 1.947368203543342169e+00
6.401823999999999614e+03 1.955196656726919890e+00
6.403617000000000189e+03 1.980301851835521987e+00
6.411385000000000218e+03 1.817973686185763604e+00
6.413176999999999680e+03 1.834800348453692109e+00
6.414970000000000255e+03 1.830841001094275278e+00
6.417359999999999673e+03 1.834530187857515315e+00
6.419152000000000044e+03 1.845867908743414887e+00
6.420944999999999709e+03 1.906066344884825625e+00
6.422737000000000080e+03 1.883661063709205052e+00
6.424529999999999745e+03 1.840559450431899613e+00
6.428712000000000444e+03 1.851177495074120216e+00
6.430505000000000109e+03 1.846947987118526591e+00
6.432296999999999571e+03 1.815364013788038910e+00
6.434090000000000146e+03 1.828231328696550584e+00
6.435881999999999607e+03 1.861255218523988120e+00
6.438271999999999935e+03 1.837589375902740407e+00
6.440064999999999600e+03 1.761554678342850622e+00
6.441856999999999971e+03 1.744341105492504873e+00
6.443649999999999636e+03 1.747796792283267564e+00
6.447832999999999629e+03 1.821753114484261360e+00
6.449625000000000000e+03 1.827961732109969262e+00
6.451417999999999665e+03 1.804656291620156061e+00
6.453210000000000036e+03 1.816533769688812860e+00
6.455002999999999702e+03 1.806815884360783997e+00
6.457393000000000029e+03 1.812484744803733783e+00
6.460978000000000065e+03 1.901927078464488829e+00
6.462770000000000437e+03 1.847487744301284707e+00
6.466953000000000429e+03 1.972923478309041023e+00
6.468744999999999891e+03 1.963294706497078934e+00
6.472329999999999927e+03 1.861074735453473572e+00
6.474122999999999593e+03 1.881231310372399435e+00
6.478305999999999585e+03 1.888969522020720326e+00
6.480097999999999956e+03 1.934410647099572778e+00
6.483682999999999993e+03 1.910475207891743743e+00
6.486073000000000320e+03 1.953126741511953313e+00
6.487865999999999985e+03 1.938369994458990497e+00
6.489658000000000357e+03 1.870343669143597509e+00
6.493243000000000393e+03 1.849017338323896809e+00
6.495632999999999811e+03 1.821303034827165490e+00
6.499217999999999847e+03 2.001267216514192704e+00
6.501011000000000422e+03 1.969053808475285550e+00
6.502802999999999884e+03 1.905705942753392002e+00
6.506985999999999876e+03 1.877002366426401281e+00
6.508778000000000247e+03 1.909755531648066551e+00
6.510570999999999913e+03 1.881050827301884887e+00
6.514155999999999949e+03 1.807175722482623037e+00
6.520131000000000313e+03 1.925592357076141070e+00
6.523716000000000349e+03 1.981111769614457785e+00
6.526105999999999767e+03 1.974542749857315371e+00
6.531484000000000378e+03 1.904806911458390317e+00
6.533275999999999840e+03 1.904626428387874881e+00
6.535666000000000167e+03 1.933150649663541998e+00
6.537458999999999833e+03 1.926582193915995944e+00
6.539251000000000204e+03 1.889509843213073914e+00
6.545225999999999658e+03 1.978412419691070845e+00
6.547019000000000233e+03 1.957805765115048224e+00
6.548810999999999694e+03 1.959875680330014802e+00
6.550604000000000269e+03 1.965454863247302342e+00
6.556578999999999724e+03 1.898687407348749190e+00
6.558372000000000298e+03 1.944398693023779323e+00
6.560163999999999760e+03 1.941159585917634267e+00
6.564346999999999753e+03 1.996318596324516470e+00
6.701774000000000342e+03 2.090530195123624146e+00
6.703565999999999804e+03 2.107986856109569374e+00
6.707150999999999840e+03 2.067314996169068664e+00
6.708944000000000415e+03 2.024573221013601376e+00
6.711333999999999833e+03 2.040230127380756819e+00
6.713126000000000204e+03 2.029342486151954006e+00
6.714918999999999869e+03 2.007476398149496077e+00
6.716711000000000240e+03 2.031951594540083228e+00
6.718503999999999905e+03 2.020973711776022697e+00
6.722685999999999694e+03 2.107627017987730333e+00
6.724479000000000269e+03 2.076942639961839809e+00
6.726271999999999935e+03 2.099618081733638064e+00
6.728064000000000306e+03 2.091160193841639980e+00
6.735832000000000335e+03 1.995328759484661596e+00
6.737623999999999796e+03 2.003427373264416111e+00
6.741806999999999789e+03 2.168544566363223680e+00
6.747184000000000196e+03 2.464136355194721517e+00
6.749573999999999614e+03 2.455048468584708488e+00
6.751367000000000189e+03 2.379463286672318212e+00
6.753158999999999651e+03 2.583903228759528048e+00
6.756743999999999687e+03 5.427074470943127338e+00
6.759134000000000015e+03 6.715801427742655427e+00
6.772279999999999745e+03 2.702859902540603265e+00
6.774072000000000116e+03 2.344279804104252740e+00
6.780046999999999571e+03 3.245903005201358660e+00
6.783631999999999607e+03 3.358561101826265993e+00
6.785425000000000182e+03 3.377547356834822878e+00
6.787216999999999643e+03 3.310330385288768884e+00
6.793192000000000007e+03 2.093409464107930162e+00
6.794984999999999673e+03 2.024303060417424582e+00
6.796777000000000044e+03 2.065065161893183010e+00
6.799167999999999665e+03 2.047518259371980953e+00
6.800960000000000036e+03 1.986330550400310813e+00
6.804545000000000073e+03 2.060206219229168134e+00
6.806337999999999738e+03 2.066594755915795112e+00
6.808728000000000065e+03 2.067314996169068664e+00
6.810520000000000437e+03 2.093409464107930162e+00
6.812313000000000102e+03 2.096558893688412972e+00
6.814104999999999563e+03 2.103307832506473574e+00
6.815898000000000138e+03 2.150638389729778055e+00
6.825457999999999629e+03 2.039060371479982869e+00
6.827847999999999956e+03 2.082071743222031479e+00
6.829640000000000327e+03 2.054717277847138313e+00
6.831432999999999993e+03 2.055887033747912263e+00
6.833225999999999658e+03 2.059576220511153188e+00
6.835018000000000029e+03 2.044818909448594901e+00
6.837408000000000357e+03 2.042659880717561549e+00
6.839201000000000022e+03 2.054267198190042443e+00
6.840993000000000393e+03 2.037350294386856220e+00
6.842786000000000058e+03 2.053097442289268493e+00
6.844578000000000429e+03 2.094488978473446394e+00
6.846371000000000095e+03 2.097638408053929204e+00
6.850552999999999884e+03 2.074512886625035080e+00
6.852345999999999549e+03 2.068754348656423936e+00
6.855930999999999585e+03 2.109966529789277345e+00
6.863698000000000320e+03 2.032761512319018138e+00
6.865490999999999985e+03 2.062725650091635110e+00
6.867881000000000313e+03 2.070554103275212832e+00
6.869673999999999978e+03 2.041399883281530769e+00
6.871466000000000349e+03 2.063445326335313190e+00
6.881025999999999840e+03 2.261406490200638331e+00
6.882819000000000415e+03 2.252228362055367583e+00
6.888793999999999869e+03 2.131112377538463498e+00
6.892378999999999905e+03 2.100337757977315256e+00
6.896560999999999694e+03 2.083151257587547711e+00
6.900145999999999731e+03 2.129852380102431830e+00
6.903731999999999971e+03 2.044549312862013579e+00
6.906122000000000298e+03 2.042029317989951132e+00
6.907913999999999760e+03 2.125983274278271828e+00
6.911498999999999796e+03 2.414016206512773266e+00
6.913292000000000371e+03 2.453698793623014573e+00
6.915681999999999789e+03 2.455858386363643397e+00
6.917474000000000160e+03 2.461347327745673219e+00
6.921059000000000196e+03 2.426434005773783653e+00
6.925242000000000189e+03 2.275353883484261708e+00
6.927033999999999651e+03 2.256007790353866227e+00
6.928827000000000226e+03 2.277423234689632814e+00
6.930618999999999687e+03 2.268965346797634730e+00
6.932412000000000262e+03 2.369475240748112554e+00
6.934203999999999724e+03 2.375233778716723698e+00
6.938386999999999716e+03 2.077752557740774719e+00
6.940180000000000291e+03 2.064975484367520764e+00
6.941971999999999753e+03 2.063895405992409060e+00
6.943765000000000327e+03 2.045719068762786641e+00
6.946154999999999745e+03 2.040949803624434900e+00
6.949739999999999782e+03 2.120404091360984289e+00
6.951532000000000153e+03 2.119774656652563927e+00
6.953324999999999818e+03 2.092689787864252970e+00
6.955715000000000146e+03 2.089809954870351483e+00
6.959300000000000182e+03 2.070014346092454716e+00
6.961091999999999643e+03 2.091069952306382262e+00
6.965274999999999636e+03 2.004686806690852308e+00
6.967067000000000007e+03 2.060745976411926250e+00
6.970652000000000044e+03 2.071003618922714118e+00
6.972444999999999709e+03 2.106187101490779590e+00
6.974835000000000036e+03 2.074962966282130949e+00
6.976627999999999702e+03 2.071273779518890912e+00
6.978420000000000073e+03 2.116804582123405609e+00
6.982005000000000109e+03 2.041219400211016222e+00
6.984395000000000437e+03 2.043019718839400589e+00
6.986188000000000102e+03 2.030422000517470238e+00
6.991564999999999600e+03 2.087020363411707713e+00
6.993954999999999927e+03 2.072803937551098485e+00
6.995747999999999593e+03 2.090890033245463187e+00
6.997539999999999964e+03 2.135521240545381616e+00
7.001125000000000000e+03 2.084771093145417531e+00
7.005307999999999993e+03 2.083961175366482621e+00
7.007100000000000364e+03 2.102677269778863156e+00
7.008893000000000029e+03 2.076492560304743940e+00
7.010685999999999694e+03 2.075952803121985824e+00
7.012478000000000065e+03 2.129852380102431830e+00
7.014868000000000393e+03 2.131112377538463498e+00
7.020246000000000095e+03 2.068484752069842614e+00
7.022037999999999556e+03 2.061555330181266577e+00
7.024427999999999884e+03 2.069564266435358846e+00
7.026220999999999549e+03 2.055796792212654545e+00
7.028012999999999920e+03 2.058586383671298314e+00
7.029805999999999585e+03 2.071273779518890912e+00
7.033988000000000284e+03 2.031681997953501906e+00
7.037573000000000320e+03 2.074512886625035080e+00
7.039365999999999985e+03 2.111315640741375788e+00
7.041158000000000357e+03 2.100068161390733934e+00
7.043547999999999774e+03 2.070913941397051872e+00
7.045341000000000349e+03 2.070824263871389626e+00
7.047134000000000015e+03 2.066324595319618318e+00
7.048926000000000386e+03 2.069564266435358846e+00
7.053109000000000378e+03 2.026282734097133442e+00
7.054900999999999840e+03 2.037980293104871166e+00
7.056694000000000415e+03 2.078382556458790553e+00
7.058485999999999876e+03 2.086121332116706029e+00
7.060279000000000451e+03 2.078382556458790553e+00
7.062668999999999869e+03 2.090169792992190523e+00
7.064461000000000240e+03 2.045448908166609847e+00
7.066253999999999905e+03 2.052467443571252659e+00
7.068046000000000276e+03 2.147668879210215209e+00
7.069838999999999942e+03 2.168904404485062720e+00
7.072229000000000269e+03 2.144789610225909193e+00
7.074020999999999731e+03 2.144699368690652364e+00
7.075814000000000306e+03 2.098898405489959984e+00
7.077605999999999767e+03 2.091879870085318061e+00
7.079399000000000342e+03 2.111405882276632617e+00
7.081788999999999760e+03 2.081081906382176605e+00
7.083582000000000335e+03 2.110955802619536747e+00
7.085373999999999796e+03 2.108796773888504283e+00
7.087167000000000371e+03 2.057056789648686213e+00
7.088958999999999833e+03 2.081441744504015645e+00
7.091349000000000160e+03 2.074962966282130949e+00
7.093141999999999825e+03 2.027632409058826468e+00
7.094934000000000196e+03 2.017464444073701735e+00
7.098519000000000233e+03 2.022683788869150234e+00
7.102702000000000226e+03 2.068754348656423936e+00
7.106287000000000262e+03 2.082611500404789595e+00
7.108078999999999724e+03 2.075143449352646385e+00
7.109872000000000298e+03 2.076582801840001657e+00
7.112261999999999716e+03 2.054806955372800559e+00
7.115846999999999753e+03 2.112485396642149738e+00
7.117640000000000327e+03 2.112755557238326531e+00
7.119431999999999789e+03 2.107716695513392580e+00
7.123614999999999782e+03 2.036270780021339100e+00
7.125407000000000153e+03 2.024573221013601376e+00
7.127199999999999818e+03 2.024303060417424582e+00
7.128992000000000189e+03 2.065154839418845256e+00
7.131381999999999607e+03 2.053547521946364363e+00
7.133175000000000182e+03 1.989119577849359111e+00
7.134966999999999643e+03 2.008735831575931385e+00
7.136760000000000218e+03 2.060025736158653586e+00
7.140942000000000007e+03 1.973552913017461385e+00
7.142734999999999673e+03 1.984440554246264199e+00
7.150502000000000407e+03 2.050578011426801517e+00
7.152295000000000073e+03 1.994789002301903480e+00
7.154087999999999738e+03 2.005047208822285931e+00
7.160063000000000102e+03 2.127243271714302608e+00
7.161854999999999563e+03 2.139210427308621654e+00
7.163648000000000138e+03 2.125802791207757281e+00
7.167233000000000175e+03 2.051027527074301915e+00
7.169622999999999593e+03 2.056606709991589454e+00
7.171414999999999964e+03 2.077752557740774719e+00
7.175000000000000000e+03 2.044189474740174539e+00
7.176792999999999665e+03 2.042569639182304719e+00
7.180975000000000364e+03 2.107356857391553540e+00
7.182768000000000029e+03 2.104837426529086564e+00
7.184560000000000400e+03 2.132641971561075600e+00
7.186353000000000065e+03 2.136601318920493320e+00
7.190536000000000058e+03 2.029792001799455292e+00
7.192328000000000429e+03 1.977692179437798181e+00
7.194121000000000095e+03 1.966174539490979534e+00
7.195912999999999556e+03 1.978772257812909885e+00
7.203680999999999585e+03 2.086481170238545069e+00
7.205472999999999956e+03 2.084051416901740339e+00
7.207265999999999622e+03 2.037170939335531727e+00
7.209655999999999949e+03 2.024482979478344546e+00
7.213240999999999985e+03 2.020883470240765867e+00
7.216826000000000022e+03 2.023403465112828314e+00
7.219216000000000349e+03 2.063535003860974548e+00
7.221007999999999811e+03 2.052377766045590413e+00
7.222801000000000386e+03 2.008196638402768741e+00
7.224594000000000051e+03 2.031681997953501906e+00
7.226386000000000422e+03 2.077212800558016603e+00
7.228775999999999840e+03 2.083241499122805429e+00
7.234154000000000451e+03 2.033390947027438500e+00
7.235945999999999913e+03 2.099798564804152612e+00
7.238336000000000240e+03 2.109335967061666928e+00
7.241921000000000276e+03 2.073343130724261130e+00
7.243713999999999942e+03 2.064704759761748498e+00
7.247895999999999731e+03 2.101237917291507884e+00
7.251480999999999767e+03 2.038610291822887000e+00
7.253274000000000342e+03 2.047518259371980953e+00
7.255065999999999804e+03 2.069384347374438882e+00
7.259248999999999796e+03 2.034381347876887958e+00
7.261042000000000371e+03 2.037350294386856220e+00
7.262833999999999833e+03 2.071184101993228666e+00
7.264627000000000407e+03 2.074512886625035080e+00
7.266418999999999869e+03 2.072983292602422090e+00
7.270601999999999862e+03 2.089900196405609201e+00
7.272394000000000233e+03 2.088280360847739381e+00
7.275979000000000269e+03 2.014584611079800247e+00
7.278368999999999687e+03 2.005856562591626258e+00
7.281953999999999724e+03 2.061915732312700200e+00
7.283747000000000298e+03 2.044999392519109449e+00
7.285538999999999760e+03 2.048238499625253617e+00
7.287929000000000087e+03 2.064344921639910346e+00
7.289721999999999753e+03 2.061645571716523406e+00
7.291514000000000124e+03 2.069654507970615676e+00
7.295100000000000364e+03 2.117524822376678273e+00
7.297489999999999782e+03 2.098628808903378662e+00
7.299282000000000153e+03 2.056516468456332625e+00
7.301074999999999818e+03 2.059126140854056430e+00
7.302867000000000189e+03 2.065154839418845256e+00
7.304659999999999854e+03 2.031591756418244188e+00
7.307050000000000182e+03 2.027992247180665508e+00
7.308841999999999643e+03 2.042029317989951132e+00
7.310635000000000218e+03 2.036630618143178140e+00
7.312426999999999680e+03 2.023943222295586430e+00
7.314220000000000255e+03 2.026193056571472084e+00
7.316609999999999673e+03 2.039060371479982869e+00
7.318402000000000044e+03 2.037350294386856220e+00
7.321987000000000080e+03 1.989029900323696864e+00
7.323779999999999745e+03 2.017554685608959453e+00
7.326170000000000073e+03 2.018634199974475685e+00
7.327962000000000444e+03 2.093499705643187880e+00
7.331547999999999774e+03 2.272564292025617938e+00
7.333340000000000146e+03 2.304867941599782810e+00
7.335729999999999563e+03 2.378203853245882904e+00
7.337523000000000138e+03 2.383422634031735932e+00
7.339314999999999600e+03 2.324124357204516933e+00
7.345289999999999964e+03 1.996678434446355510e+00
7.350667999999999665e+03 2.071273779518890912e+00
7.352460000000000036e+03 2.063625245396232266e+00
7.356643000000000029e+03 2.115185310575131261e+00
7.360228000000000065e+03 2.067224754633810946e+00
7.362020000000000437e+03 2.071994019772163576e+00
7.363813000000000102e+03 2.091609709489141267e+00
7.366203000000000429e+03 2.089359875213255613e+00
7.367996000000000095e+03 2.074872724746874120e+00
7.371581000000000131e+03 2.170704723113447088e+00
7.373372999999999593e+03 2.137230753628913682e+00
7.377555999999999585e+03 2.035460862242404190e+00
7.379347999999999956e+03 2.019263634682896047e+00
7.381140999999999622e+03 2.049678416122204361e+00
7.382932999999999993e+03 2.046798583128303761e+00
7.385323000000000320e+03 2.025112978196359492e+00
7.387115999999999985e+03 2.027812328119746432e+00
7.390701000000000022e+03 2.020704115189441374e+00
7.392493000000000393e+03 2.055706550677397715e+00
7.394882999999999811e+03 2.064165566588585854e+00
7.396676000000000386e+03 2.030151839921293444e+00
7.398467999999999847e+03 2.031951594540083228e+00
7.400261000000000422e+03 2.061285733594684366e+00
7.402054000000000087e+03 2.051027527074301915e+00
7.404444000000000415e+03 2.000547540270515512e+00
7.408029000000000451e+03 2.006036481652545334e+00
7.411613999999999578e+03 1.927931868877688970e+00
7.414003999999999905e+03 1.953757304239564618e+00
7.417588999999999942e+03 2.029881679325116650e+00
7.421173999999999978e+03 2.080542149199418489e+00
7.423564000000000306e+03 2.114375392796196351e+00
7.425355999999999767e+03 2.101147675756250166e+00
7.427149000000000342e+03 2.071273779518890912e+00
7.430734000000000378e+03 2.132011972843059766e+00
7.432525999999999840e+03 2.126702950521949020e+00
7.436708999999999833e+03 2.059215818379718677e+00
7.442087000000000444e+03 2.115634826222631659e+00
7.444476999999999862e+03 2.084951576215932079e+00
7.446269000000000233e+03 2.080632390734676207e+00
7.448061999999999898e+03 2.069114186778262088e+00
7.451646999999999935e+03 1.986780066047811211e+00
7.455828999999999724e+03 2.066414836854876036e+00
7.457622000000000298e+03 2.013595338249541733e+00
7.463596999999999753e+03 2.088730440504835251e+00
7.465389000000000124e+03 2.106817100208795424e+00
7.467181999999999789e+03 2.106187101490779590e+00
7.468974000000000160e+03 2.093229545047011086e+00
7.470766999999999825e+03 2.092419627268076177e+00
7.473157000000000153e+03 2.120854171018080159e+00
7.474949999999999818e+03 2.093679060694511485e+00
7.478534999999999854e+03 1.999827864026837432e+00
7.480327000000000226e+03 2.025202655722021738e+00
7.482716999999999643e+03 2.020073552461830957e+00
7.484510000000000218e+03 2.005407046944124971e+00
7.488095000000000255e+03 2.123733440002386175e+00
7.489886999999999716e+03 2.102857752849377704e+00
7.492277000000000044e+03 2.144339530568813323e+00
7.494069999999999709e+03 2.135071724897880330e+00
7.495862000000000080e+03 2.117254661780501479e+00
7.497654999999999745e+03 2.129222381384415996e+00
7.501837000000000444e+03 2.055257035029896429e+00
7.503630000000000109e+03 2.075772884061065859e+00
7.505422999999999774e+03 2.073253453198598883e+00
7.509007999999999811e+03 2.007836236271335117e+00
7.513189999999999600e+03 2.120494332896242007e+00
7.516774999999999636e+03 2.039329968066564192e+00
7.518568000000000211e+03 2.091879870085318061e+00
7.520359999999999673e+03 2.096378974627493008e+00
7.526335000000000036e+03 2.192839843692891755e+00
7.529920000000000073e+03 2.209666505960820260e+00
7.532310000000000400e+03 2.208046670402950440e+00
7.534103000000000065e+03 2.196889432587566304e+00
7.543662999999999556e+03 1.991729814256678388e+00
7.545456000000000131e+03 1.989479979980792734e+00
7.547247999999999593e+03 2.009095669697770425e+00
7.551430999999999585e+03 1.991909169308002880e+00
7.555015999999999622e+03 2.060835653937588496e+00
7.556807999999999993e+03 2.046438745006464721e+00
7.558600999999999658e+03 2.072893615076760732e+00
7.560990999999999985e+03 2.071184101993228666e+00
7.562783000000000357e+03 2.044368829791498143e+00
7.564576000000000022e+03 2.040049644310242272e+00
7.566368000000000393e+03 2.014494933554138889e+00
7.570551000000000386e+03 2.067314996169068664e+00
7.572342999999999847e+03 2.006846399431480243e+00
7.574136000000000422e+03 1.990829654942486648e+00
7.575927999999999884e+03 1.998748349661321200e+00
7.577720999999999549e+03 1.979942013713683835e+00
7.580110999999999876e+03 2.000457862744853266e+00
7.583695999999999913e+03 1.963025109910497612e+00
7.591463999999999942e+03 2.034650944463469280e+00
7.595048999999999978e+03 2.030331758982213408e+00
7.596841000000000349e+03 2.022233709212054364e+00
7.601024000000000342e+03 1.956096816041111630e+00
7.602815999999999804e+03 1.963655108628512558e+00
7.606400999999999840e+03 1.900037646320037688e+00
7.608194000000000415e+03 1.905616265227729755e+00
7.610583999999999833e+03 1.885010174661302607e+00
7.614168999999999869e+03 1.918393902610579183e+00
7.615962000000000444e+03 1.900127323845699934e+00
7.620144000000000233e+03 1.988130305019099708e+00
7.621936999999999898e+03 1.951687389024598041e+00
7.623729000000000269e+03 1.948897797565954271e+00
7.627314000000000306e+03 2.032311432661922268e+00
7.631497000000000298e+03 1.966084297955722704e+00
7.633288999999999760e+03 2.009726232425381731e+00
7.635082000000000335e+03 2.011975502691671913e+00
7.639264000000000124e+03 1.952316823733018403e+00
7.642849000000000160e+03 1.921993411848157862e+00
7.646434000000000196e+03 1.946018528581649143e+00
7.650617000000000189e+03 2.052377766045590413e+00
7.652409999999999854e+03 2.030241517446955690e+00
7.654202000000000226e+03 2.034830863524389244e+00
7.655994999999999891e+03 2.053007200754010775e+00
7.658385000000000218e+03 2.043019718839400589e+00
7.661970000000000255e+03 2.120404091360984289e+00
7.663761999999999716e+03 2.089180520161931121e+00
7.665555000000000291e+03 2.082971902536223219e+00
7.667944999999999709e+03 2.090619872649286393e+00
7.671529999999999745e+03 1.966174539490979534e+00
7.675114999999999782e+03 2.026102815036214366e+00
7.679296999999999571e+03 1.961405274352626904e+00
7.681090000000000146e+03 1.962305433666819532e+00
7.682882999999999811e+03 1.980661689957361027e+00
7.684675000000000182e+03 2.033121350440857178e+00
7.686467999999999847e+03 2.044909150983851731e+00
7.688858000000000175e+03 2.030872080174566996e+00
7.690649999999999636e+03 2.035910941899500948e+00
7.694234999999999673e+03 2.083061580061885465e+00
7.698417999999999665e+03 1.995239081959000238e+00
7.700210000000000036e+03 2.023673061699409637e+00
7.702002999999999702e+03 2.010985665851817039e+00
7.703795000000000073e+03 1.967434536927011202e+00
7.705587999999999738e+03 1.975892424819008397e+00
7.709770000000000437e+03 2.035370620707147360e+00
7.711563000000000102e+03 2.031681997953501906e+00
7.715148000000000138e+03 2.068934267717343012e+00
7.717537999999999556e+03 2.058316787084716992e+00
7.719331000000000131e+03 2.058946221793137354e+00
7.721122999999999593e+03 2.064075325053328136e+00
7.730682999999999993e+03 1.991999410843259710e+00
7.734268000000000029e+03 2.045538585692272093e+00
7.736658000000000357e+03 2.054536794776623765e+00
7.738451000000000022e+03 2.053097442289268493e+00
7.740243000000000393e+03 2.020704115189441374e+00
7.742036000000000058e+03 2.027542167523569638e+00
7.743828000000000429e+03 2.056426790930670379e+00
7.746217999999999847e+03 2.042119559525207961e+00
7.751595999999999549e+03 1.975982666354266115e+00
7.755779000000000451e+03 2.019353876218152877e+00
7.759363999999999578e+03 1.986330550400310813e+00
7.761155999999999949e+03 1.978861935338572131e+00
7.762948999999999614e+03 1.986510469461229889e+00
7.764740999999999985e+03 1.980121368765007439e+00
7.767131000000000313e+03 1.967074698805172162e+00
7.770716000000000349e+03 2.012515259874430029e+00
7.774301000000000386e+03 1.996768675981612340e+00
7.776690999999999804e+03 1.999827864026837432e+00
7.778484000000000378e+03 1.968604292827784263e+00
7.780275999999999840e+03 1.972563640187201983e+00
7.782069000000000415e+03 2.004147049508094192e+00
7.783860999999999876e+03 1.975892424819008397e+00
7.786251000000000204e+03 1.973283316430880063e+00
7.788043999999999869e+03 1.966264781026237252e+00
7.789837000000000444e+03 1.975172748575331205e+00
7.795811999999999898e+03 2.061285733594684366e+00
7.797604000000000269e+03 2.059306059914976395e+00
7.799396999999999935e+03 2.018634199974475685e+00
7.801189000000000306e+03 2.048508660221430411e+00
7.802981999999999971e+03 2.052737604167429453e+00
7.807163999999999760e+03 1.962575030253400854e+00
7.808957000000000335e+03 1.976252262940847437e+00
7.810748999999999796e+03 2.048508660221430411e+00
7.816724000000000160e+03 1.881231310372399435e+00
7.818516999999999825e+03 1.871153022912936947e+00
7.822101999999999862e+03 1.981471607736295937e+00
7.824492000000000189e+03 1.994879243837161198e+00
7.826284999999999854e+03 1.988040063483842879e+00
7.828077000000000226e+03 1.988670062201857824e+00
7.829869999999999891e+03 2.039420209601821909e+00
7.834051999999999680e+03 2.007116560027657037e+00
7.835845000000000255e+03 2.037350294386856220e+00
7.839430000000000291e+03 1.956006574505854800e+00
7.841221999999999753e+03 1.978861935338572131e+00
7.843612000000000080e+03 1.982101042444716299e+00
7.845404999999999745e+03 1.977962340033974975e+00
7.847197000000000116e+03 1.978322178155814015e+00
7.848989999999999782e+03 1.956546331688612916e+00
7.852574999999999818e+03 1.889959358860574312e+00
7.854965000000000146e+03 1.898327569226910150e+00
7.856756999999999607e+03 1.921453090655804274e+00
7.860342999999999847e+03 1.998028109408048536e+00
7.862135000000000218e+03 2.013505096714284015e+00
7.866318000000000211e+03 2.067584592755649986e+00
7.869903000000000247e+03 2.101867916009523718e+00
7.871694999999999709e+03 2.100608482583087522e+00
7.875877999999999702e+03 2.017824282195540775e+00
7.879462999999999738e+03 1.992269007429841920e+00
7.881255000000000109e+03 1.996318596324516470e+00
7.883645000000000437e+03 1.985250472025199109e+00
7.889023000000000138e+03 1.923792602457352174e+00
7.893204999999999927e+03 1.985880470743214055e+00
7.894997999999999593e+03 1.958615682893983134e+00
7.898582999999999629e+03 2.064344921639910346e+00
7.900376000000000204e+03 2.052647362632172623e+00
7.902765999999999622e+03 2.031591756418244188e+00
7.904557999999999993e+03 1.993799165462049494e+00
7.906350999999999658e+03 1.983001201758908927e+00
7.908143000000000029e+03 1.982910960223651209e+00
7.914118000000000393e+03 2.070104023618116962e+00
7.915911000000000058e+03 2.073702968846100170e+00
7.917703000000000429e+03 2.034021509755048918e+00
7.919496000000000095e+03 2.024213382891763224e+00
7.921886000000000422e+03 2.035460862242404190e+00
7.923677999999999884e+03 1.988940222798034618e+00
7.925470999999999549e+03 1.978231936620556297e+00
7.929055999999999585e+03 2.027812328119746432e+00
7.931445999999999913e+03 2.016384929708185503e+00
7.933238999999999578e+03 1.983361039880747967e+00
7.935030999999999949e+03 1.978682016277652167e+00
7.936823999999999614e+03 1.953576821169050071e+00
7.940408999999999651e+03 1.860535542280310928e+00
7.942798999999999978e+03 1.901657481877907507e+00
7.946384000000000015e+03 2.046438745006464721e+00
7.948176000000000386e+03 2.064704759761748498e+00
7.949969000000000051e+03 2.053547521946364363e+00
7.952359000000000378e+03 2.051117768609559633e+00
7.954150999999999840e+03 2.060475815815749456e+00
7.955944000000000415e+03 2.085760929985272405e+00
7.959529000000000451e+03 1.973193074895622345e+00
7.961918999999999869e+03 2.011255826447993833e+00
7.963711000000000240e+03 1.997848190347128572e+00
7.965503999999999905e+03 1.951147067832244453e+00
7.969088999999999942e+03 1.933420810259718792e+00
7.971479000000000269e+03 1.936659917365862960e+00
7.973271999999999935e+03 1.989569657506454980e+00
7.975064000000000306e+03 2.000368185219191020e+00
7.978649000000000342e+03 1.955466253313501213e+00
7.981038999999999760e+03 1.981021528079200067e+00
7.982832000000000335e+03 1.986870307583068929e+00
7.986417000000000371e+03 1.949167958162131065e+00
7.990599000000000160e+03 1.917133905174548403e+00
7.992391999999999825e+03 1.939989830016860317e+00
7.994184000000000196e+03 1.982191283979974017e+00
7.997769000000000233e+03 1.950247472527648185e+00
8.003744999999999891e+03 2.012425582348767783e+00
8.005537000000000262e+03 2.007296479088576113e+00
8.009720000000000255e+03 1.961945595544980492e+00
8.013305000000000291e+03 1.958975521015822174e+00
8.015096999999999753e+03 2.005676643530706293e+00
8.016890000000000327e+03 2.011525423034575155e+00
8.018681999999999789e+03 1.958615682893983134e+00
8.021072000000000116e+03 1.991099251529067971e+00
8.024657000000000153e+03 1.946378366703487295e+00
8.026449999999999818e+03 1.975442345161912527e+00
8.028242000000000189e+03 1.963475189567593482e+00
8.030631999999999607e+03 1.967074698805172162e+00
8.032425000000000182e+03 1.951147067832244453e+00
8.034216999999999643e+03 1.967344295391753484e+00
8.037802999999999884e+03 2.057776465892363404e+00
8.041984999999999673e+03 1.978412419691070845e+00
8.045569999999999709e+03 1.915964149273774453e+00
8.049752999999999702e+03 1.956366412627693840e+00
8.051545000000000073e+03 1.960145276916596124e+00
8.055130000000000109e+03 1.980301851835521987e+00
8.056922999999999774e+03 1.967254053856495766e+00
8.059313000000000102e+03 1.966803974199399896e+00
8.062898000000000138e+03 1.998117786933710782e+00
8.064689999999999600e+03 1.986780066047811211e+00
8.066483000000000175e+03 1.959785438794757084e+00
8.070664999999999964e+03 1.868363995463888649e+00
8.076042999999999665e+03 1.903996993679455407e+00
8.078432999999999993e+03 1.944759095155212947e+00
8.080225999999999658e+03 1.946288689177825937e+00
8.082018000000000029e+03 1.921003010998708405e+00
8.085603000000000065e+03 1.976342504476105155e+00
8.087993000000000393e+03 1.910115369769905591e+00
8.089786000000000058e+03 1.902286916586327870e+00
8.093371000000000095e+03 1.956816492284789710e+00
8.095162999999999556e+03 1.944398693023779323e+00
8.099345999999999549e+03 1.904536186852618052e+00
8.101137999999999920e+03 1.906876262663760535e+00
8.102930999999999585e+03 1.923792602457352174e+00
8.104722999999999956e+03 1.914704715847338257e+00
8.106515999999999622e+03 1.919023337318999545e+00
8.108905999999999949e+03 1.942869099001166333e+00
8.112490999999999985e+03 1.877362204548239433e+00
8.114283999999999651e+03 1.831470999812290223e+00
8.116076000000000022e+03 1.859275544844279260e+00
8.118466000000000349e+03 1.947458445078598999e+00
8.120259000000000015e+03 1.935670644535604445e+00
8.122051000000000386e+03 1.873582776249741677e+00
8.125636000000000422e+03 1.917314388245062950e+00
8.129819000000000415e+03 1.856755549972217700e+00
8.133404000000000451e+03 1.898597729823086944e+00
8.137586000000000240e+03 1.844698152842640937e+00
8.139378999999999905e+03 1.855496116545781504e+00
8.147146999999999935e+03 1.925412438015221994e+00
8.148939000000000306e+03 1.923252845274594058e+00
8.150731999999999971e+03 1.910475207891743743e+00
8.152524000000000342e+03 1.910115369769905591e+00
8.156707000000000335e+03 1.950067553466728221e+00
8.158498999999999796e+03 1.949617473809632351e+00
8.160292000000000371e+03 1.935400483939427652e+00
8.162083999999999833e+03 1.936659917365862960e+00
8.166266999999999825e+03 1.880151796006883202e+00
8.169851999999999862e+03 1.948717878505035195e+00
8.173436999999999898e+03 1.858735223651925672e+00
8.175827000000000226e+03 1.879791393875449579e+00
8.177618999999999687e+03 1.874572613089595663e+00
8.179412000000000262e+03 1.884020901831043204e+00
8.181204999999999927e+03 1.945658126450214631e+00
8.184789999999999964e+03 1.895628219303524098e+00
8.187180000000000291e+03 1.921003010998708405e+00
8.188971999999999753e+03 1.916683825517451645e+00
8.190765000000000327e+03 1.886270172097333386e+00
8.192557000000000698e+03 1.890319760992008824e+00
8.194350000000000364e+03 1.867194239563114699e+00
8.198531999999999243e+03 1.938190075398071421e+00
8.200325000000000728e+03 1.932071135298025766e+00
8.202117000000000189e+03 1.965004783590205584e+00
8.203909999999999854e+03 1.941609665574730137e+00
8.206299999999999272e+03 1.960595356573691994e+00
8.208092000000000553e+03 1.998658108126064370e+00
8.213469999999999345e+03 1.917853581418225595e+00
8.215860000000000582e+03 1.893829028694329786e+00
8.217653000000000247e+03 1.889329360142558478e+00
8.219444999999999709e+03 1.891309033822267338e+00
8.223030000000000655e+03 1.873942614371580717e+00
8.225420000000000073e+03 1.874482371554338833e+00
8.229004999999999200e+03 1.947458445078598999e+00
8.230798000000000684e+03 1.956006574505854800e+00
8.234979999999999563e+03 1.917133905174548403e+00
8.236772999999999229e+03 1.923342522800255416e+00
8.242149999999999636e+03 1.885190657731817154e+00
8.244540000000000873e+03 1.850997012003605668e+00
8.246333000000000538e+03 1.852886444148056810e+00
8.249917999999999665e+03 1.983451281416004797e+00
8.254101000000000568e+03 1.996678434446355510e+00
8.255893000000000029e+03 1.973193074895622345e+00
8.257685999999999694e+03 1.923342522800255416e+00
8.259477999999999156e+03 1.924512278701029366e+00
8.261271000000000640e+03 1.954206819887065016e+00
8.263661000000000058e+03 1.931081298458170892e+00
8.267245999999999185e+03 1.857026274577989078e+00
8.269038000000000466e+03 1.866563676835503394e+00
8.270831000000000131e+03 1.910295852840420139e+00
8.272622999999999593e+03 1.916414228930870323e+00
8.275013000000000829e+03 1.883030500981593747e+00
8.278597999999999956e+03 1.942958776526828579e+00
8.282183000000000902e+03 1.879251636692691463e+00
8.284574000000000524e+03 1.890679599113846976e+00
8.286365999999999985e+03 1.891668871944106378e+00
8.291744000000000597e+03 1.862784812546601110e+00
8.294134000000000015e+03 1.906156022410487871e+00
8.295925999999999476e+03 1.917224146709805233e+00
8.297718999999999141e+03 1.860445300745053210e+00
8.299511000000000422e+03 1.879971312936368655e+00
8.303693999999999505e+03 1.936300079244024808e+00
8.305486000000000786e+03 1.935580403000346728e+00
8.307279000000000451e+03 1.902017319999746547e+00
8.309070999999999913e+03 1.894908543059846018e+00
8.310863999999999578e+03 1.879971312936368655e+00
8.313254000000000815e+03 1.847397502766026989e+00
8.315046000000000276e+03 1.863054409133182432e+00
8.316838999999999942e+03 1.897877489569814280e+00
8.318630999999999403e+03 1.851537333195959256e+00
8.320424000000000888e+03 1.848477581141138693e+00
8.324606999999999971e+03 1.921903170312900144e+00
8.326398999999999432e+03 1.883570822173947334e+00
8.328191999999999098e+03 1.818243846781940398e+00
8.329984000000000378e+03 1.853517006875668116e+00
8.332373999999999796e+03 1.922533169030915978e+00
8.335959000000000742e+03 1.887260008937188260e+00
8.337752000000000407e+03 1.900577403502795804e+00
8.339543999999999869e+03 1.886179930562076557e+00
8.341933999999999287e+03 1.888519442363623568e+00
8.343727000000000771e+03 1.934590566160492742e+00
8.345519000000000233e+03 1.932340731884607088e+00
8.347311999999999898e+03 1.908585775747292601e+00
8.353287000000000262e+03 1.968783647879108756e+00
8.355078999999999724e+03 1.968964130949623303e+00
8.358665000000000873e+03 1.867194239563114699e+00
8.362846999999999753e+03 1.932161376833282596e+00
8.366432000000000698e+03 1.825802139369341326e+00
8.370016999999999825e+03 1.843708880012381535e+00
8.374200000000000728e+03 1.771992803924152149e+00
8.377784999999999854e+03 1.836869699659063215e+00
8.379576999999999316e+03 1.812214584207556989e+00
8.381967000000000553e+03 1.809335315223250973e+00
8.385551999999999680e+03 1.852347250974894166e+00
8.387344999999999345e+03 1.850637173881766628e+00
8.389137000000000626e+03 1.846138069339591681e+00
8.393319999999999709e+03 1.862784812546601110e+00
8.395112999999999374e+03 1.856576194920893208e+00
8.396905000000000655e+03 1.872502697874629973e+00
8.398698000000000320e+03 1.899767485723860894e+00
8.401087999999999738e+03 1.892838627844880328e+00
8.402879999999999200e+03 1.864944405287229046e+00
8.404673000000000684e+03 1.860985057927811326e+00
8.406465000000000146e+03 1.890319760992008824e+00
8.410647999999999229e+03 1.824271981337132864e+00
8.412440000000000509e+03 1.874032291897242075e+00
8.414233000000000175e+03 1.876011965576950935e+00
8.416024999999999636e+03 1.841188885140319087e+00
8.417817999999999302e+03 1.838579776752190753e+00
8.420208000000000538e+03 1.860714897331634532e+00
8.422000000000000000e+03 1.852347250974894166e+00
8.423792999999999665e+03 1.861794975706746236e+00
8.427378000000000611e+03 1.942779421475504087e+00
8.433352999999999156e+03 1.891399275357525056e+00
8.435146000000000640e+03 1.856755549972217700e+00
8.436938000000000102e+03 1.846768068057606627e+00
8.438730999999999767e+03 1.853696361926991720e+00
8.441120999999999185e+03 1.851087253538863386e+00
8.442913000000000466e+03 1.845417829086318129e+00
8.446497999999999593e+03 1.800247428613237055e+00
8.448290999999999258e+03 1.807985640261557947e+00
8.454265999999999622e+03 1.880601311654384489e+00
8.456058000000000902e+03 1.889959358860574312e+00
8.457851000000000568e+03 1.906965940189422781e+00
8.460240999999999985e+03 1.903456672487101820e+00
8.462033999999999651e+03 1.922263008434739184e+00
8.463825999999999112e+03 1.925142841428640672e+00
8.467411000000000058e+03 1.887890007655204094e+00
8.469800999999999476e+03 1.900307242906619010e+00
8.471593999999999141e+03 1.939359831298845371e+00
8.473386000000000422e+03 1.949707715344889181e+00
8.475179000000000087e+03 1.916054390809031283e+00
8.476970999999999549e+03 1.911825446863032241e+00
8.481154000000000451e+03 1.992449490500356468e+00
8.482945999999999913e+03 1.991009574003405724e+00
8.492505999999999403e+03 1.919563658511353132e+00
8.494299000000000888e+03 1.867194239563114699e+00
8.496091000000000349e+03 1.865664081530906238e+00
8.500273999999999432e+03 1.817523606528666846e+00
8.502066999999999098e+03 1.828411811767065132e+00
8.503859000000000378e+03 1.854506279705927518e+00
8.505652000000000044e+03 1.924872680832463878e+00
8.508041999999999462e+03 1.936480562314539355e+00
8.511627000000000407e+03 1.855676035606700580e+00
8.513418999999999869e+03 1.852976685683314528e+00
8.515211999999999534e+03 1.841008966079400011e+00
8.517602000000000771e+03 1.781350851130341972e+00
8.519394000000000233e+03 1.778741178732618167e+00
8.521186999999999898e+03 1.769742969648266495e+00
8.522978999999999360e+03 1.771362805206136315e+00
8.528953999999999724e+03 1.930091461618316906e+00
8.532540000000000873e+03 1.952407065268276121e+00
8.534332000000000335e+03 1.962755513323915402e+00
8.538514999999999418e+03 2.030062162395632086e+00
8.540307000000000698e+03 1.958255844772144982e+00
8.543891999999999825e+03 1.787199630634210834e+00
8.545684999999999491e+03 1.820402875512972862e+00
8.548075000000000728e+03 1.915694552687193131e+00
8.549867000000000189e+03 1.932521214955121636e+00
8.555245000000000800e+03 1.812484744803733783e+00
8.557635000000000218e+03 1.851356850125444709e+00
8.559426999999999680e+03 1.860085462623214170e+00
8.561219999999999345e+03 1.843888235063706027e+00
8.563012000000000626e+03 1.841548723262158127e+00
8.567194999999999709e+03 1.911825446863032241e+00
8.568987999999999374e+03 1.916144632344289001e+00
8.574364999999999782e+03 1.793948569452272324e+00
8.576754999999999200e+03 1.811944987620974779e+00
8.580340000000000146e+03 1.789719061496677810e+00
8.583924999999999272e+03 1.891218792287010508e+00
8.586315000000000509e+03 1.901836836929232000e+00
8.591692999999999302e+03 2.051837444853236825e+00
8.595875000000000000e+03 2.076492560304743940e+00
8.597667999999999665e+03 2.038430372761967924e+00
8.601253000000000611e+03 1.882760904395012425e+00
8.603046000000000276e+03 1.883030500981593747e+00
8.604837999999999738e+03 1.873582776249741677e+00
8.607227999999999156e+03 1.907056181724680499e+00
8.609021000000000640e+03 1.913894798068403347e+00
8.610813000000000102e+03 1.870253427608339791e+00
8.612605999999999767e+03 1.863144650668440150e+00
8.614397999999999229e+03 1.826882217744453030e+00
8.616788000000000466e+03 1.825802139369341326e+00
8.620372999999999593e+03 1.889599520738735272e+00
8.622165999999999258e+03 1.886989848341011466e+00
8.626347999999999956e+03 1.702346643050888453e+00
8.628140999999999622e+03 1.711326803828188581e+00
8.635907999999999447e+03 1.897248054861393918e+00
8.637700999999999112e+03 1.871513425044370571e+00
8.641286000000000058e+03 1.934230728038653702e+00
8.643078999999999724e+03 1.934950968291926365e+00
8.647261000000000422e+03 1.880511634128722243e+00
8.649054000000000087e+03 1.937290480093474265e+00
8.650845999999999549e+03 1.932701134016041600e+00
8.652638999999999214e+03 1.913174557815130683e+00
8.655029000000000451e+03 1.908855372333873923e+00
8.658613999999999578e+03 2.023853544769924184e+00
8.660406000000000859e+03 2.023133304516651521e+00
8.662199000000000524e+03 1.995148840423742520e+00
8.666380999999999403e+03 1.851447091660702426e+00
8.668174000000000888e+03 1.842898962233446625e+00
8.671759000000000015e+03 2.006216964723059881e+00
8.674148999999999432e+03 1.985970712278471773e+00
8.677734000000000378e+03 1.851447091660702426e+00
8.679527000000000044e+03 1.878081880791917513e+00
8.681318999999999505e+03 1.836059781880128305e+00
8.689086999999999534e+03 1.568290586387671048e+00
8.690879000000000815e+03 1.571143346920995221e+00
8.692672000000000480e+03 1.557439041772971322e+00
8.695061999999999898e+03 1.638665447658137708e+00
8.698647000000000844e+03 1.914344313715904633e+00
8.700439000000000306e+03 1.955736413909678006e+00
8.702231999999999971e+03 1.908495534212035771e+00
8.704621999999999389e+03 1.906696343602841459e+00
8.706414000000000669e+03 1.937650318215313305e+00
8.708207000000000335e+03 1.945118933277051987e+00
8.711791999999999462e+03 1.886179930562076557e+00
8.715975000000000364e+03 1.943049018062085409e+00
8.717766999999999825e+03 1.898508052297424697e+00
8.725534999999999854e+03 1.591658631942569180e+00
8.733301999999999680e+03 1.365227391722731554e+00
8.735094999999999345e+03 1.334660327692676063e+00
8.736887000000000626e+03 1.339627560198999312e+00
8.738680000000000291e+03 1.413728268856404569e+00
8.744655000000000655e+03 1.763084272365462724e+00
8.748239999999999782e+03 1.877991639256659795e+00
8.750032999999999447e+03 1.942239100283150499e+00
8.752423000000000684e+03 1.947368203543342169e+00
8.754215000000000146e+03 1.920823655947383912e+00
8.757799999999999272e+03 1.957986248185563660e+00
8.761983000000000175e+03 1.890499116043332428e+00
8.763774999999999636e+03 1.909845773183324269e+00
8.767360000000000582e+03 1.871242700438598305e+00
8.770944999999999709e+03 1.887260008937188260e+00
8.775128000000000611e+03 1.862244491354247522e+00
8.776920000000000073e+03 1.879791393875449579e+00
8.778712999999999738e+03 1.919563658511353132e+00
8.782896000000000640e+03 1.881500906958981645e+00
8.784688000000000102e+03 1.933960567442476908e+00
8.786480999999999767e+03 1.902467399656842417e+00
8.788272999999999229e+03 1.815814093445135669e+00
8.790066000000000713e+03 1.836059781880128305e+00
8.792456000000000131e+03 1.876462045234047693e+00
8.796040999999999258e+03 1.886809929280091502e+00
8.797833000000000538e+03 1.887619847059027300e+00
8.803808000000000902e+03 1.803846373841221151e+00
8.805601000000000568e+03 1.809515234284170049e+00
8.807393000000000029e+03 1.855946196202877374e+00
8.809185999999999694e+03 1.838039455559837165e+00
8.811575999999999112e+03 1.853966522523168514e+00
8.813368000000000393e+03 1.925232518954302030e+00
8.815161000000000058e+03 1.938010156337151457e+00
8.818745999999999185e+03 1.891218792287010508e+00
8.821136000000000422e+03 1.856035873728539620e+00
8.822929000000000087e+03 1.847218147714703385e+00
8.824720999999999549e+03 1.850007175163751683e+00
8.826513999999999214e+03 1.868813511111389047e+00
8.828306000000000495e+03 1.901297643756068467e+00
8.830695999999999913e+03 1.868813511111389047e+00
8.832488999999999578e+03 1.866384321784179789e+00
8.834281000000000859e+03 1.878172122327174343e+00
8.837865999999999985e+03 1.841729206332672675e+00
8.840255999999999403e+03 1.846858309592864344e+00
8.842049000000000888e+03 1.813564823178845486e+00
8.847425999999999476e+03 1.551823762241580695e+00
8.849816000000000713e+03 1.470516138974682363e+00
8.853402000000000044e+03 1.431967211151111918e+00
8.855193999999999505e+03 1.426568511304338926e+00
8.864754000000000815e+03 1.845057990964479977e+00
8.866547000000000480e+03 1.818783039955103042e+00
8.868338999999999942e+03 1.825172140651325492e+00
8.870728999999999360e+03 1.854416038170669800e+00
8.872522000000000844e+03 1.850007175163751683e+00
8.874314000000000306e+03 1.837319779316159085e+00
8.876106999999999971e+03 1.846408229935768475e+00
8.877898999999999432e+03 1.834800348453692109e+00
8.880289000000000669e+03 1.799707107420883467e+00
8.882082000000000335e+03 1.831201403225708901e+00
8.883873999999999796e+03 1.885550495853656194e+00
8.885666999999999462e+03 1.859995221087957340e+00
8.887459999999999127e+03 1.862244491354247522e+00
8.889850000000000364e+03 1.875742368990369613e+00
8.893434999999999491e+03 1.929731623496477866e+00
8.897020000000000437e+03 1.908855372333873923e+00
8.899409999999999854e+03 1.873852936845918471e+00
8.901201999999999316e+03 1.867194239563114699e+00
8.902995000000000800e+03 1.924062763053528968e+00
8.904787000000000262e+03 1.921183494069222952e+00
8.906579999999999927e+03 1.834890025979354355e+00
8.908969999999999345e+03 1.813474581643587769e+00
8.910762000000000626e+03 1.821482953888084566e+00
8.912555000000000291e+03 1.809155396162331009e+00
8.916139999999999418e+03 1.852526606026218658e+00
8.918530000000000655e+03 1.851897171317798296e+00
8.920322000000000116e+03 1.857115952103651324e+00
8.922114999999999782e+03 1.929731623496477866e+00
8.925700000000000728e+03 1.958526005368321776e+00
8.929882999999999811e+03 2.061555330181266577e+00
8.935260000000000218e+03 1.855136278423942464e+00
8.939442999999999302e+03 1.791878654237306634e+00
8.943028000000000247e+03 1.829311407071662288e+00
8.944819999999999709e+03 1.840738805483223217e+00
8.946612999999999374e+03 1.837949778034174919e+00
8.949003000000000611e+03 1.804026292902140227e+00
8.950795000000000073e+03 1.812754905399909688e+00
8.952587999999999738e+03 1.858285708004425274e+00
8.954379999999999200e+03 1.864764486226309970e+00
8.960355999999999767e+03 1.709877863177712065e+00
8.962147999999999229e+03 1.818603684903778550e+00
8.963941000000000713e+03 2.043649153547820951e+00
8.965733000000000175e+03 2.018093878782122097e+00
8.969915999999999258e+03 1.669008035869240736e+00
8.971708000000000538e+03 1.662349338586436964e+00
8.973501000000000204e+03 1.703974938752688573e+00
8.977683000000000902e+03 1.941879262161312347e+00
8.979476000000000568e+03 2.014494933554138889e+00
8.981268000000000029e+03 2.012785420470606823e+00
8.984852999999999156e+03 1.818153605246682680e+00
8.989036000000000058e+03 1.915694552687193131e+00
8.990827999999999520e+03 1.887439927998107336e+00
8.994414000000000669e+03 1.791428574580209876e+00
8.996804000000000087e+03 1.814374176948184925e+00
8.998595999999999549e+03 1.797907916811690043e+00
