# wavelength_AA normalized_flux_plus_offset
# # Digitized from Rest+2012 SI Fig.S2 upper-left (lines_3.pdf)
# # Already continuum-normalized in the published figure; offset arbitrary.
5.082118611750207492e+03 3.879086119924564979e+00
5.084042400300934787e+03 3.792600064274836313e+00
5.085966188851662082e+03 4.012080340571796633e+00
5.087776813369993761e+03 3.906085147571873861e+00
5.089700601920721056e+03 3.789450203163237330e+00
5.091624390471449260e+03 3.745542238588929873e+00
5.093548179022176555e+03 3.858287570209491868e+00
5.095471967572903850e+03 3.742832869445676280e+00
5.097395756123631145e+03 3.667626309172551835e+00
5.099319544674358440e+03 3.883186435976527129e+00
5.101243333225085735e+03 3.894685795628492819e+00
5.103167121775813030e+03 3.929983936253064414e+00
5.104977746294144708e+03 4.108275541548067622e+00
5.106901534844872003e+03 4.148374052184692573e+00
5.108825323395600208e+03 3.996580672576453885e+00
5.110749111946327503e+03 4.028679329943946286e+00
5.112672900497054798e+03 3.840987763459628557e+00
5.114596689047782093e+03 3.700454793787423924e+00
5.116520477598509387e+03 3.699584497697452790e+00
5.118444266149236682e+03 3.665255897453813638e+00
5.120254890667568361e+03 3.670245595036317088e+00
5.122178679218295656e+03 3.667826324589720688e+00
5.124102467769022951e+03 3.692084682971242149e+00
5.127950044870478450e+03 4.224670009405527615e+00
5.129873833421205745e+03 4.279468126368820791e+00
5.131797621971933040e+03 4.122875140166151198e+00
5.135532035040992014e+03 3.569780599295826917e+00
5.137455823591719309e+03 3.701374712022876601e+00
5.139379612142446604e+03 3.693845124009377479e+00
5.141303400693173899e+03 3.518853009680038113e+00
5.143227189243902103e+03 3.768030994920842591e+00
5.145150977794629398e+03 3.756382005414811598e+00
5.147074766345356693e+03 3.716223948203609240e+00
5.148998554896083988e+03 3.698534798466127427e+00
5.150809179414415667e+03 3.779780755553080240e+00
5.152732967965142961e+03 3.827288997636427936e+00
5.154656756515870256e+03 3.765241466927196967e+00
5.156580545066597551e+03 3.762941289629754937e+00
5.158504333617324846e+03 3.820089206035970797e+00
5.160428122168052141e+03 3.841787825128303968e+00
5.162351910718780346e+03 3.845188087220175355e+00
5.164275699269507641e+03 3.691325082436573979e+00
5.166086323787839319e+03 3.659856244607876619e+00
5.168010112338566614e+03 3.740122736884800236e+00
5.169933900889293909e+03 3.857787531666569514e+00
5.171857689440021204e+03 4.121575039954553432e+00
5.173781477990748499e+03 3.996880695702206943e+00
5.175705266541475794e+03 3.717723300414753407e+00
5.179552843642931293e+03 3.525482528316277175e+00
5.181476632193658588e+03 3.342421089714132876e+00
5.183287256711990267e+03 3.242295814815780108e+00
5.185211045262717562e+03 3.584819926464632545e+00
5.187134833813444857e+03 3.853487200197438511e+00
5.189058622364172152e+03 4.076276891889158982e+00
5.190982410914899447e+03 4.153373674196291887e+00
5.192906199465626742e+03 4.005580602931431144e+00
5.194829988016354037e+03 3.654536750612331630e+00
5.196753776567082241e+03 3.454365596248396120e+00
5.200488189636141215e+03 3.779231094864677232e+00
5.202411978186868510e+03 3.636457494469607532e+00
5.206259555288323099e+03 3.574690138027937891e+00
5.208183343839050394e+03 3.684205449686508871e+00
5.210107132389777689e+03 3.784180331313173440e+00
5.212030920940504984e+03 3.870586991530132970e+00
5.213841545458836663e+03 3.742992423728837892e+00
5.215765334009563958e+03 3.725983479093254669e+00
5.217689122560292162e+03 3.685655179752171939e+00
5.219612911111019457e+03 3.685965127307021305e+00
5.221536699661746752e+03 3.828688342138987455e+00
5.223460488212474047e+03 3.757272150362975793e+00
5.225384276763201342e+03 3.941683311322198957e+00
5.227308065313928637e+03 3.991181019730516422e+00
5.229118689832260316e+03 4.022979653972255321e+00
5.231042478382987611e+03 3.972681883895262889e+00
5.232966266933715815e+03 3.895585865005752879e+00
5.234890055484443110e+03 3.946582925625214067e+00
5.236813844035170405e+03 3.842887909922732881e+00
5.238737632585897700e+03 3.684455087249158822e+00
5.240661421136624995e+03 3.592459446615811736e+00
5.242585209687352290e+03 3.635317711958794273e+00
5.244395834205683968e+03 3.663245818853028801e+00
5.246319622756411263e+03 3.746352224686701593e+00
5.248243411307138558e+03 3.726003327951446842e+00
5.250167199857865853e+03 3.740302903443776916e+00
5.252090988408594058e+03 3.894385772502739318e+00
5.254014776959321352e+03 4.295667084906631850e+00
5.255938565510048647e+03 4.131574283977752060e+00
5.257862354060775942e+03 3.897785271176987365e+00
5.259786142611503237e+03 3.788430277219200448e+00
5.261596767129834916e+03 3.741472459241879100e+00
5.263520555680562211e+03 3.648566824802176090e+00
5.265444344231289506e+03 3.770821286332110667e+00
5.267368132782016801e+03 3.758911971416711406e+00
5.269291921332744096e+03 3.678385153730419077e+00
5.271215709883472300e+03 3.743382530134079733e+00
5.273139498434199595e+03 3.777950843511272083e+00
5.276873911503258569e+03 3.273014213121283156e+00
5.278797700053985864e+03 3.401458464736734300e+00
5.280721488604713159e+03 3.539951582520864726e+00
5.282645277155440453e+03 3.469814878680635761e+00
5.286492854256895953e+03 3.810419758425813708e+00
5.288416642807623248e+03 3.874786551873056872e+00
5.290340431358350543e+03 3.856987469997894102e+00
5.292151055876682221e+03 3.851387801734787786e+00
5.294074844427409516e+03 3.956882956191789091e+00
5.295998632978136811e+03 3.982281860501746706e+00
5.297922421528864106e+03 3.979581652369966527e+00
5.299846210079591401e+03 3.939783164859094633e+00
5.301769998630318696e+03 3.894985818754245877e+00
5.303693787181045991e+03 3.894785803337077024e+00
5.305617575731774195e+03 3.906385170697626918e+00
5.307428200250105874e+03 3.800619766402161037e+00
5.309351988800833169e+03 3.747262218493057517e+00
5.311275777351560464e+03 3.789720453001702349e+00
5.313199565902287759e+03 3.748702024129624721e+00
5.317047143003742349e+03 3.913084923755161704e+00
5.318970931554469644e+03 3.909084615411784203e+00
5.320894720105196939e+03 3.860286960963557945e+00
5.322705344623529527e+03 3.780031156533353087e+00
5.324629133174256822e+03 3.796989715605832760e+00
5.326552921724984117e+03 3.825088828047570111e+00
5.328476710275711412e+03 3.738842485531395088e+00
5.330400498826438707e+03 3.851087778609034729e+00
5.332324287377166002e+03 3.757992053181259173e+00
5.334248075927893296e+03 3.634727590136384023e+00
5.336171864478620591e+03 3.762101530244694736e+00
5.338095653029347886e+03 3.616528477426883548e+00
5.339906277547679565e+03 3.570710441960375015e+00
5.341830066098407769e+03 3.685365081055514747e+00
5.343753854649135064e+03 3.593469448130752752e+00
5.345677643199862359e+03 3.714784142567042480e+00
5.347601431750589654e+03 3.733103111843319777e+00
5.349525220301316949e+03 3.748942500680800816e+00
5.351449008852044244e+03 3.709893689275500783e+00
5.353372797402771539e+03 3.598319440288286764e+00
5.355183421921103218e+03 3.746792716655046984e+00
5.357107210471830513e+03 3.870986258946847780e+00
5.359030999022557808e+03 3.881986343473514012e+00
5.360954787573286012e+03 3.870887014655886027e+00
5.362878576124013307e+03 3.984381258964396988e+00
5.364802364674740602e+03 4.045978373276186701e+00
5.366726153225467897e+03 4.038079291133261250e+00
5.370460566294526870e+03 4.182472100306251050e+00
5.372384354845254165e+03 4.012280355988965930e+00
5.374308143395981460e+03 3.910984761874888527e+00
5.376231931946709665e+03 3.846287408596981372e+00
5.378155720497436960e+03 3.843287940757070587e+00
5.380079509048164255e+03 3.747082051934081282e+00
5.382003297598891550e+03 3.753822266125623752e+00
5.383927086149618845e+03 3.749032583960289156e+00
5.385737710667950523e+03 3.918684592018268020e+00
5.387661499218677818e+03 4.050378712453902352e+00
5.389585287769405113e+03 4.030079437864128700e+00
5.391509076320132408e+03 3.969382392929598602e+00
5.393432864870859703e+03 3.940583226527770044e+00
5.395356653421587907e+03 3.978081536741199908e+00
5.397280441972315202e+03 3.897685263468403161e+00
5.399204230523042497e+03 3.862687145969584623e+00
5.401014855041374176e+03 3.913384946880915205e+00
5.402938643592101471e+03 3.956582933066035590e+00
5.404862432142828766e+03 3.754222296959961458e+00
5.406786220693556061e+03 3.643467195081992127e+00
5.408710009244283356e+03 3.710444113381526687e+00
5.410633797795011560e+03 3.702504570104593995e+00
5.412557586345738855e+03 3.756501861981588419e+00
5.414481374896466150e+03 3.719323423752104230e+00
5.416405163447193445e+03 3.631047917194574204e+00
5.418215787965525124e+03 3.686675105696208821e+00
