# wavelength_AA normalized_flux_plus_offset
# # Digitized from Rest+2012 SI Fig.S2 upper-left (lines_3.pdf)
# # Already continuum-normalized in the published figure; offset arbitrary.
5.082344939814998725e+03 3.192767569702551711e+00
5.084268728365726020e+03 3.173658463186694867e+00
5.086305680948849840e+03 3.115841029525299177e+00
5.088342633531972751e+03 3.077502959926809112e+00
5.090266422082700046e+03 3.094932547672545109e+00
5.092303374665822957e+03 3.095642526061732624e+00
5.094340327248946778e+03 3.231316342564928945e+00
5.096264115799674073e+03 3.079803137224251142e+00
5.098301068382796984e+03 3.290413264162107776e+00
5.100338020965919895e+03 3.134860816179290133e+00
5.102374973549042807e+03 3.272714189995529654e+00
5.104298762099771011e+03 3.457905563765236501e+00
5.106335714682893922e+03 3.591899098080689967e+00
5.108372667266016833e+03 3.296612978676720651e+00
5.110296455816744128e+03 3.290213248744938923e+00
5.112333408399867039e+03 3.275913673252609293e+00
5.114370360982990860e+03 3.236015941450775202e+00
5.116294149533718155e+03 3.018725910313575955e+00
5.118331102116841066e+03 3.144450104939054746e+00
5.120368054699963977e+03 3.028355660207348699e+00
5.122291843250691272e+03 3.243315740759816990e+00
5.124328795833815093e+03 3.159129098989907458e+00
5.126365748416938004e+03 3.277113765755622410e+00
5.128289536967665299e+03 3.286413719236352726e+00
5.130326489550788210e+03 3.449405671953181596e+00
5.132363442133912031e+03 3.308512369163024047e+00
5.134287230684639326e+03 3.112831637256292083e+00
5.136324183267762237e+03 2.947718910383375412e+00
5.138361135850885148e+03 3.205027293306807579e+00
5.140284924401612443e+03 3.016435657445230234e+00
5.142321876984735354e+03 2.982747564587105327e+00
5.144358829567859175e+03 3.178548153060613668e+00
5.146282618118586470e+03 3.212437024753530324e+00
5.148319570701709381e+03 3.234615833530593232e+00
5.150356523284832292e+03 3.466605470994459814e+00
5.152280311835559587e+03 3.186138051066312649e+00
5.154317264418683408e+03 3.149900143348095760e+00
5.156354217001806319e+03 3.226415964844291828e+00
5.158278005552533614e+03 3.060013825606495708e+00
5.160314958135656525e+03 3.011945998405648695e+00
5.162351910718780346e+03 2.954218648023741345e+00
5.164275699269507641e+03 2.881561902610708437e+00
5.166312651852630552e+03 3.172038490991151427e+00
5.170273392986480758e+03 3.402408156259475014e+00
5.172310345569604578e+03 3.443705995981490631e+00
5.174347298152727490e+03 3.181518611030858423e+00
5.176271086703454785e+03 2.937239476675446603e+00
5.178308039286577696e+03 3.081613200407867126e+00
5.180344991869700607e+03 2.938729667875117357e+00
5.182268780420428811e+03 2.889202186179510967e+00
5.184305733003551723e+03 2.938569350174332850e+00
5.186342685586674634e+03 3.163979091147441913e+00
5.188266474137401929e+03 3.293713518545394514e+00
5.190303426720524840e+03 3.493103696681223891e+00
5.192340379303648660e+03 3.331811111592708041e+00
5.194264167854375955e+03 3.055534090996010921e+00
5.196301120437498867e+03 3.041814712896995232e+00
5.198338073020621778e+03 3.109191662030867498e+00
5.200375025603745598e+03 3.283913526521741844e+00
5.202298814154472893e+03 3.186987734880468714e+00
5.204335766737595804e+03 3.054674482752758102e+00
5.206372719320718716e+03 2.960788620085403444e+00
5.208296507871446011e+03 2.984197294652768395e+00
5.210333460454569831e+03 3.232915702484657317e+00
5.212370413037692742e+03 3.260914807217810463e+00
5.214294201588420037e+03 3.257914575960277226e+00
5.216331154171542948e+03 3.280914058681831058e+00
5.218368106754665860e+03 3.160639139047770385e+00
5.220291895305394064e+03 3.077863293044762028e+00
5.222328847888516975e+03 2.944389646130423088e+00
5.224365800471639886e+03 3.093262189913898119e+00
5.226289589022367181e+03 3.328111589792706493e+00
5.228326541605490092e+03 3.284613580481832606e+00
5.230363494188613913e+03 3.224716597215978808e+00
5.232287282739341208e+03 3.199977285732104715e+00
5.234324235322464119e+03 3.185478458240228683e+00
5.236361187905587030e+03 2.986167675537168442e+00
5.238284976456314325e+03 3.079783288366058969e+00
5.240321929039438146e+03 2.975577546273936669e+00
5.242358881622561057e+03 3.006086768150797006e+00
5.244282670173288352e+03 3.356709977359743746e+00
5.246319622756411263e+03 3.449505679661765800e+00
5.248356575339534174e+03 3.163929469001960815e+00
5.250280363890262379e+03 3.181688089743116343e+00
5.252317316473385290e+03 3.516503210237115429e+00
5.254354269056508201e+03 3.271414089783931889e+00
5.256278057607235496e+03 3.314412060551883421e+00
5.258315010190358407e+03 3.348910902925402500e+00
5.260351962773482228e+03 3.436506967798656387e+00
5.262275751324209523e+03 3.105402056951377610e+00
5.264312703907332434e+03 3.000546646462267653e+00
5.266349656490455345e+03 3.018696137026287474e+00
5.268273445041182640e+03 3.283013457144481784e+00
5.270310397624306461e+03 3.183927957048358515e+00
5.272347350207429372e+03 3.184528003299865073e+00
5.274271138758156667e+03 3.127551092441152036e+00
5.276308091341279578e+03 3.142849981601703924e+00
5.278345043924402489e+03 3.002116996512330438e+00
5.280268832475130694e+03 2.847093596942100735e+00
5.282305785058253605e+03 2.995476790029372616e+00
5.284342737641376516e+03 3.029625223714035087e+00
5.286266526192103811e+03 2.903681164813194826e+00
5.288303478775227632e+03 3.306012939866035616e+00
5.290340431358350543e+03 3.305712916740282115e+00
5.292264219909077838e+03 3.290113241036354275e+00
5.294301172492200749e+03 3.452905941753637187e+00
5.296338125075323660e+03 3.436506967798656387e+00
5.298375077658447481e+03 3.438506358552722464e+00
5.300298866209174776e+03 3.684195525257412562e+00
5.302335818792297687e+03 3.060494015291225445e+00
5.304372771375420598e+03 3.372909699315178145e+00
5.306296559926147893e+03 3.197107598888067059e+00
5.308333512509271713e+03 3.163369120466838602e+00
5.310370465092394625e+03 3.213847057102808158e+00
5.312294253643121920e+03 3.228916157558902711e+00
5.314331206226244831e+03 3.144960067911073409e+00
5.316368158809367742e+03 3.113341600228310746e+00
5.318291947360095946e+03 3.185357838255828966e+00
5.322365852526341769e+03 3.309312430831699459e+00
5.324289641077069064e+03 3.087342649666846128e+00
5.326326593660192884e+03 3.273814274789958567e+00
5.328363546243315795e+03 3.104301972156948697e+00
5.332324287377166002e+03 3.331511088466954540e+00
5.334361239960288913e+03 2.938309788182587035e+00
5.336285028511016208e+03 3.010726057044443404e+00
5.338321981094140028e+03 3.007286097236187672e+00
5.340358933677262939e+03 3.022185718980024305e+00
5.342282722227990234e+03 3.012306331523602054e+00
5.344319674811113146e+03 3.129700876466906312e+00
5.346356627394236966e+03 3.215016612900910786e+00
5.348280415944964261e+03 3.085682979754918343e+00
5.350317368528087172e+03 3.084022546425367217e+00
5.352354321111210083e+03 3.122240759457080461e+00
5.354278109661937378e+03 3.152749981333941243e+00
5.356315062245061199e+03 3.294912847630785180e+00
5.358352014828184110e+03 3.364309799794538591e+00
5.360275803378911405e+03 3.337311535564852605e+00
5.362312755962034316e+03 3.367910077303578387e+00
5.364349708545157227e+03 3.252214899988587149e+00
5.366273497095885432e+03 3.527102500511820615e+00
5.368310449679008343e+03 3.552301389404609822e+00
5.370347402262131254e+03 3.502303642453370003e+00
5.372271190812858549e+03 3.329611705421473111e+00
5.374308143395981460e+03 3.313011952631701007e+00
5.376345095979105281e+03 3.264114290474890101e+00
5.378268884529832576e+03 3.079773363936962660e+00
5.380305837112955487e+03 3.151909458531258146e+00
5.382342789696078398e+03 3.191178134211919204e+00
5.384266578246805693e+03 3.367710061886409534e+00
5.386303530829929514e+03 3.401708102299383807e+00
5.388340483413052425e+03 3.558001065376299898e+00
5.390264271963779720e+03 3.435106859878474417e+00
5.392301224546902631e+03 3.328811643752797700e+00
5.394338177130025542e+03 3.256015192914795797e+00
5.396375129713149363e+03 3.258014583668861874e+00
5.398298918263876658e+03 3.357910069862756863e+00
5.400335870846999569e+03 3.233815771861917376e+00
5.402372823430122480e+03 3.203567638812048646e+00
5.404296611980849775e+03 3.128000745420970841e+00
5.406333564563973596e+03 3.111691854745478381e+00
5.408370517147096507e+03 3.008196091042544040e+00
5.410294305697823802e+03 3.090192487652691611e+00
5.412331258280946713e+03 3.184918109705106914e+00
5.414368210864070534e+03 3.150329947469721947e+00
5.416291999414797829e+03 3.037225046148829932e+00
5.418328951997920740e+03 2.958748768197329682e+00
