# wavelength_AA flux_arb_scaled
# # 2011-04-08 du Pont/WFCCD; digitized from Rest+2012 Fig.3 (arxiv eta03_spec.pdf)
# # Source: Rest et al. 2012 Nature 482, 375 Fig.3; vector-digitized from arXiv e-print
# # NOTE: Not author ASCII. Arbitrary flux scale (figure offsets). For line typing only.
4.202395999999999731e+03 1.804112022360635059e+00
4.204188000000000102e+03 1.884027669946187977e+00
4.205980999999999767e+03 1.802101328153181470e+00
4.208371000000000095e+03 1.803341585253375179e+00
4.210162999999999556e+03 2.114551927799543485e+00
4.214345999999999549e+03 1.902193290993498209e+00
4.216139000000000124e+03 1.957207350934373480e+00
4.218529000000000451e+03 1.908992990675141499e+00
4.220320999999999913e+03 1.932097079739412138e+00
4.222113999999999578e+03 1.827574821527552906e+00
4.224503999999999905e+03 2.012337596851891952e+00
4.226296000000000276e+03 1.824412983735972382e+00
4.230479000000000269e+03 2.060678859270079322e+00
4.234064000000000306e+03 1.804569998152065757e+00
4.236453999999999724e+03 1.907973261326733727e+00
4.238246000000000095e+03 1.821830947808421364e+00
4.240038999999999760e+03 1.816514593362570373e+00
4.244220999999999549e+03 2.108019568666099630e+00
4.246014000000000124e+03 1.963318394900083419e+00
4.248404000000000451e+03 1.955658016575923419e+00
4.250197000000000116e+03 1.826549452083191305e+00
4.251988999999999578e+03 1.985833093937204197e+00
4.254378999999999905e+03 1.796139746730240461e+00
4.256171999999999571e+03 1.809600399733069409e+00
4.257963999999999942e+03 1.880625564066984445e+00
4.260354000000000269e+03 1.856625827765284953e+00
4.262146999999999935e+03 2.144420183940949798e+00
4.264537000000000262e+03 1.892324251093913112e+00
4.266328999999999724e+03 1.855276152803591927e+00
4.270511999999999716e+03 1.919049845769981388e+00
4.272304000000000087e+03 1.847294853019671557e+00
4.274096999999999753e+03 1.845560523513944062e+00
4.276487000000000080e+03 1.861285111032541906e+00
4.278279000000000451e+03 1.800804106083856659e+00
4.280072000000000116e+03 1.853103023832674445e+00
4.282462000000000444e+03 1.966763365508533923e+00
4.284255000000000109e+03 1.946709440335963492e+00
4.286046999999999571e+03 1.830912630312885092e+00
4.288436999999999898e+03 1.866087652737021152e+00
4.290229999999999563e+03 1.859379886619421107e+00
4.292021999999999935e+03 2.032485147617292043e+00
4.294412000000000262e+03 1.741765273670502268e+00
4.296204999999999927e+03 2.193126360567333677e+00
4.297997000000000298e+03 2.287349239558349012e+00
4.300386999999999716e+03 2.262282397102231002e+00
4.302180000000000291e+03 3.216852844978020265e+00
4.306362000000000080e+03 2.316650666056419894e+00
4.308154999999999745e+03 2.214760076616504314e+00
4.309947000000000116e+03 1.899753385483976764e+00
4.312337000000000444e+03 1.895061953669784138e+00
4.314130000000000109e+03 1.829721442047487656e+00
4.320104999999999563e+03 1.952903393712191793e+00
4.322494999999999891e+03 1.905545764028309996e+00
4.324287999999999556e+03 1.826381377223774471e+00
4.326079999999999927e+03 1.861619568722590046e+00
4.328470000000000255e+03 1.751306059985588526e+00
4.330262999999999920e+03 1.830651493870234070e+00
4.332055000000000291e+03 2.019763347184383662e+00
4.334444999999999709e+03 1.826727679115324854e+00
4.336238000000000284e+03 2.021642627156118088e+00
4.338029999999999745e+03 1.831113417728833070e+00
4.340420000000000073e+03 2.187472728383458964e+00
4.342212999999999738e+03 1.835915959433311428e+00
4.344005000000000109e+03 1.941446666801671661e+00
4.348188000000000102e+03 1.748227695614121835e+00
4.354162999999999556e+03 2.025027812747461020e+00
4.355956000000000131e+03 1.842034899533357084e+00
4.358345999999999549e+03 1.841058034914196284e+00
4.360137999999999920e+03 1.983837063979230209e+00
4.361930999999999585e+03 1.953309480620849747e+00
4.364320999999999913e+03 1.794796839883691320e+00
4.366113000000000284e+03 1.854454390823153886e+00
4.370296000000000276e+03 2.046457921332706320e+00
4.372087999999999738e+03 1.863820334163679426e+00
4.374478000000000065e+03 1.831513864541538084e+00
4.376270999999999731e+03 1.884201384901558640e+00
4.378063000000000102e+03 1.817596363766468492e+00
4.382246000000000095e+03 2.102195605584427085e+00
4.384037999999999556e+03 1.880873164279346810e+00
4.386427999999999884e+03 1.847982944726009435e+00
4.388220999999999549e+03 1.920828168024146798e+00
4.390014000000000124e+03 2.693721819076602131e+00
4.392404000000000451e+03 1.879295629441129378e+00
4.394195999999999913e+03 1.894030944129468708e+00
4.395988999999999578e+03 1.772857994643432633e+00
4.398378999999999905e+03 1.914774653037162544e+00
4.400171000000000276e+03 1.924631848735245399e+00
4.401963999999999942e+03 1.903128982912198452e+00
4.404354000000000269e+03 2.074692805685954156e+00
4.407939000000000306e+03 1.926590090050330772e+00
4.410328999999999724e+03 1.907999205768120099e+00
4.412121000000000095e+03 1.965880126482202783e+00
4.413913999999999760e+03 1.962022864859545024e+00
4.416304000000000087e+03 1.853127276245275290e+00
4.418095999999999549e+03 1.902729100109088911e+00
4.420485999999999876e+03 1.994849915338202884e+00
4.422279000000000451e+03 1.918423795119132969e+00
4.424072000000000116e+03 1.987467593744553618e+00
4.428253999999999905e+03 1.734946397662616491e+00
4.430046999999999571e+03 1.938372814506967856e+00
4.432436999999999898e+03 1.858084356578881824e+00
4.434229000000000269e+03 1.900006625792292958e+00
4.436021999999999935e+03 1.821890168815933464e+00
4.438412000000000262e+03 1.982371767050488565e+00
4.440203999999999724e+03 1.977540460856646476e+00
4.441997000000000298e+03 1.770323899531486056e+00
4.444386999999999716e+03 1.779744551802760810e+00
4.446179000000000087e+03 1.994971741410799915e+00
4.447971999999999753e+03 1.936949818297877712e+00
4.450362000000000080e+03 1.800921984089286276e+00
4.452154000000000451e+03 1.860701361101345874e+00
4.453947000000000116e+03 1.879003472470733627e+00
4.456337000000000444e+03 1.805592547548450888e+00
4.458128999999999905e+03 1.865731762682349526e+00
4.459921999999999571e+03 1.857967606592643151e+00
4.462311999999999898e+03 1.992497995325557270e+00
4.464104999999999563e+03 1.885019198814828378e+00
4.468287000000000262e+03 1.978738417237188685e+00
4.470079999999999927e+03 1.974944888698805912e+00
4.474261999999999716e+03 1.910753264622256253e+00
4.478444999999999709e+03 2.033685360036215251e+00
4.480237000000000080e+03 1.901852629197901656e+00
4.482029999999999745e+03 2.117007625577734586e+00
4.484420000000000073e+03 1.832282609620011549e+00
4.486212000000000444e+03 2.010331978730796720e+00
4.488005000000000109e+03 2.038566863084044556e+00
4.492186999999999898e+03 1.805309978741176380e+00
4.496369999999999891e+03 2.130163713399070069e+00
4.498162999999999556e+03 1.920397264693292527e+00
4.502345000000000255e+03 1.841133612199974401e+00
4.504137999999999920e+03 1.873489714666507489e+00
4.508319999999999709e+03 2.095854445703809965e+00
4.510113000000000284e+03 1.938045124932064489e+00
4.514295000000000073e+03 1.954187079551227946e+00
4.516087999999999738e+03 1.993042828594673743e+00
4.517880000000000109e+03 1.900143116114369590e+00
4.520270000000000437e+03 1.994147723391980875e+00
4.522063000000000102e+03 1.821199257061619114e+00
4.524453000000000429e+03 1.805331411105799866e+00
4.526244999999999891e+03 1.805048278288929886e+00
4.528037999999999556e+03 1.973367917870183952e+00
4.530427999999999884e+03 1.974671908054652647e+00
4.532220999999999549e+03 1.956761219344444136e+00
4.534012999999999920e+03 1.783424150402880493e+00
4.536403000000000247e+03 2.174138977539586293e+00
4.538195999999999913e+03 3.296149210027869536e+00
4.539988000000000284e+03 3.477687542495543127e+00
4.542377999999999702e+03 3.950975630431131425e+00
4.544171000000000276e+03 3.630208709301206316e+00
4.548353000000000065e+03 2.023843392597207469e+00
4.551938000000000102e+03 1.927715289193071335e+00
4.554328000000000429e+03 2.059861045356808695e+00
4.556121000000000095e+03 1.913038067493054051e+00
4.557912999999999556e+03 2.048596645718306242e+00
4.560302999999999884e+03 2.043544811772679104e+00
4.562095999999999549e+03 1.935165855947758473e+00
4.563887999999999920e+03 1.965780860793419293e+00
4.566279000000000451e+03 2.065668088150621529e+00
4.568070999999999913e+03 2.036132033660881469e+00
4.569863999999999578e+03 2.059184233842378475e+00
4.572253999999999905e+03 1.998490033266646648e+00
4.574046000000000276e+03 1.875594598476386210e+00
4.576435999999999694e+03 1.856952953330592848e+00
4.582411000000000058e+03 2.070895329080404856e+00
4.584203999999999724e+03 1.806316171859296382e+00
4.585996000000000095e+03 2.013659635343412191e+00
4.588386000000000422e+03 1.948360296421578042e+00
4.590179000000000087e+03 1.990567390480644683e+00
4.591970999999999549e+03 1.817626820284617750e+00
4.594360999999999876e+03 1.968392789229524986e+00
4.597945999999999913e+03 2.002022989371973871e+00
4.600336000000000240e+03 1.979224593508387642e+00
4.602128999999999905e+03 1.866297464306494014e+00
4.603921999999999571e+03 2.060513040449043487e+00
4.606311999999999898e+03 1.928969082523552814e+00
4.608104000000000269e+03 1.888800883151708021e+00
4.609896999999999935e+03 2.021570433927912802e+00
4.612287000000000262e+03 1.977326137210410728e+00
4.614078999999999724e+03 2.010110886969416200e+00
4.615872000000000298e+03 1.927491941393308927e+00
4.618261999999999716e+03 1.966164387318263707e+00
4.621846999999999753e+03 1.839555513352160609e+00
4.624237000000000080e+03 1.884035002070927334e+00
4.626029000000000451e+03 2.046139819920924197e+00
4.630212000000000444e+03 1.799374341759622631e+00
4.634394000000000233e+03 2.045221612299680913e+00
4.636186999999999898e+03 1.924798795575471289e+00
4.637979999999999563e+03 2.040213207092896219e+00
4.640369999999999891e+03 1.888794679046158720e+00
4.642162000000000262e+03 1.962043169204977566e+00
4.643954999999999927e+03 1.950522145200586976e+00
4.646345000000000255e+03 2.037922200116549121e+00
4.648136999999999716e+03 2.005334853715919685e+00
4.649930000000000291e+03 2.038551634824969483e+00
4.652319999999999709e+03 1.944199597636616872e+00
4.654112000000000080e+03 1.923917812587521148e+00
4.655904999999999745e+03 1.920840576235244512e+00
4.658295000000000073e+03 2.029332333979237291e+00
4.660087000000000444e+03 1.805174616438290691e+00
4.661880000000000109e+03 1.925052599893382954e+00
4.664270000000000437e+03 1.928029442537686045e+00
4.666061999999999898e+03 1.943263341708322045e+00
4.667854999999999563e+03 2.173860356799478311e+00
4.670244999999999891e+03 2.176500485715352262e+00
4.672037999999999556e+03 2.250592170219232635e+00
4.676220000000000255e+03 2.136627263361879692e+00
4.678012999999999920e+03 1.951046674124270908e+00
4.682194999999999709e+03 2.106149312847890975e+00
4.683988000000000284e+03 1.978300745791189641e+00
4.686377999999999702e+03 1.959237221468068668e+00
4.688170000000000073e+03 1.981686495392128045e+00
4.689962999999999738e+03 1.974384263161019781e+00
4.692353000000000065e+03 1.987366636026984601e+00
4.695938000000000102e+03 2.040626626126294418e+00
4.698328000000000429e+03 1.998685180586640797e+00
4.701912999999999556e+03 2.018375883579801133e+00
4.704302999999999884e+03 1.974943760679615856e+00
4.706095000000000255e+03 2.116954608675770899e+00
4.707887999999999920e+03 1.907005420861097811e+00
4.710278000000000247e+03 2.153413316938943112e+00
4.712070999999999913e+03 1.916557487368091728e+00
4.713863000000000284e+03 2.040159062171741589e+00
4.718046000000000276e+03 1.990218268541117830e+00
4.719837999999999738e+03 1.940339515965982642e+00
4.722228000000000065e+03 1.986949268926418988e+00
4.724020999999999731e+03 2.002238441037400563e+00
4.725813000000000102e+03 1.886153986120690185e+00
4.728203000000000429e+03 2.107674958803335663e+00
4.731787999999999556e+03 1.938914827728106971e+00
4.734177999999999884e+03 2.010575630875991671e+00
4.735970999999999549e+03 1.935442784659079152e+00
4.738360999999999876e+03 2.052057408595427290e+00
4.740153000000000247e+03 2.006674940514491468e+00
4.741945999999999913e+03 2.044291560476934499e+00
4.744336000000000240e+03 1.956802956054501053e+00
4.746128999999999905e+03 1.956507415026533359e+00
4.747921000000000276e+03 1.967974858119364789e+00
4.750310999999999694e+03 2.051765251625031539e+00
4.752104000000000269e+03 2.043083451923676463e+00
4.753895999999999731e+03 2.083061016052289993e+00
4.759871000000000095e+03 1.950742108942777442e+00
4.762261000000000422e+03 2.061886967823337358e+00
4.764054000000000087e+03 2.094344592017034934e+00
4.768235999999999876e+03 1.998126247077641082e+00
4.770029000000000451e+03 2.008751623844601930e+00
4.771820999999999913e+03 2.085452416736610637e+00
4.776003999999999905e+03 2.035918838033835776e+00
4.777796000000000276e+03 1.939988137988074790e+00
4.780186999999999898e+03 1.935344646989486606e+00
4.781979000000000269e+03 2.069875599731996196e+00
4.783771999999999935e+03 1.994644051835896548e+00
4.787953999999999724e+03 2.072944939949938004e+00
4.790344000000000051e+03 1.984356516816555782e+00
4.793929000000000087e+03 2.077094922552586986e+00
4.798112000000000080e+03 1.921609885323314337e+00
4.802293999999999869e+03 2.064615646245681724e+00
4.804087000000000444e+03 1.982353718743437021e+00
4.810061999999999898e+03 2.126995671501940244e+00
4.811854000000000269e+03 2.145845436188420940e+00
4.814244999999999891e+03 2.116387215022839996e+00
4.816037000000000262e+03 2.058676625206556032e+00
4.817829999999999927e+03 2.101771470368716699e+00
4.820220000000000255e+03 2.074604256179482853e+00
4.822011999999999716e+03 2.217489883058039624e+00
4.823805000000000291e+03 2.052418374736456386e+00
4.826194999999999709e+03 2.169005926212227209e+00
4.827987000000000080e+03 2.140260613175179571e+00
4.829779999999999745e+03 2.037258924832407558e+00
4.832170000000000073e+03 2.120659023698086010e+00
4.833962000000000444e+03 2.104324177797310291e+00
4.835755000000000109e+03 2.135974140250453956e+00
4.838145000000000437e+03 2.103854921813971934e+00
4.839936999999999898e+03 2.202994272447727830e+00
4.842327000000000226e+03 2.062171792668992865e+00
4.844119999999999891e+03 2.133353751670417964e+00
4.845912000000000262e+03 2.010344386941894435e+00
4.848301999999999680e+03 2.037538673591705596e+00
4.850095000000000255e+03 1.995367676146742042e+00
4.851887999999999920e+03 2.066561479349669384e+00
4.854278000000000247e+03 2.221092212343595662e+00
4.856069999999999709e+03 2.118919618106000158e+00
4.857863000000000284e+03 2.191007376517571714e+00
4.860252999999999702e+03 2.149457353637097334e+00
4.863837999999999738e+03 2.009679983638561929e+00
4.866228000000000065e+03 2.020738519774758046e+00
4.868020000000000437e+03 2.049652471680817989e+00
4.869813000000000102e+03 2.118863217146464528e+00
4.872203000000000429e+03 2.100587614228059508e+00
4.873994999999999891e+03 2.155396938685819386e+00
4.875787999999999556e+03 2.277864854202798384e+00
4.878177999999999884e+03 2.068868278594686139e+00
4.879970000000000255e+03 2.175365698409490456e+00
4.881762999999999920e+03 2.191077877716991473e+00
4.884153000000000247e+03 2.167945588172952576e+00
4.885945999999999913e+03 2.253852145680405705e+00
4.887738000000000284e+03 2.144675116278051519e+00
4.890127999999999702e+03 2.140584918692510996e+00
4.894310999999999694e+03 2.173203285620886049e+00
4.896103000000000065e+03 2.066614496251633071e+00
4.897895999999999731e+03 2.122424937741154594e+00
4.900286000000000058e+03 2.125805611255733751e+00
4.902078000000000429e+03 2.155791181392975098e+00
4.903871000000000095e+03 2.091168089975974809e+00
4.906261000000000422e+03 2.138258379111657170e+00
4.908052999999999884e+03 2.071611621266510106e+00
4.909845999999999549e+03 2.138450142374078489e+00
4.914028000000000247e+03 2.065361266930746176e+00
4.918211000000000240e+03 2.225331872471906003e+00
4.921796000000000276e+03 2.088158534775141462e+00
4.924185999999999694e+03 2.064859298390876674e+00
4.925979000000000269e+03 2.230636382716253863e+00
4.927770999999999731e+03 2.145187801000232319e+00
4.930161000000000058e+03 2.146398729601467714e+00
4.933746000000000095e+03 2.103414430319996420e+00
4.936136000000000422e+03 2.105299914397280148e+00
4.939720999999999549e+03 2.089536974226198218e+00
4.942110999999999876e+03 2.164196052383008606e+00
4.943904000000000451e+03 2.137642480633525466e+00
4.946293999999999869e+03 2.165927561840759630e+00
4.948086000000000240e+03 2.150029259366791123e+00
4.949878999999999905e+03 2.171320057581983320e+00
4.952269000000000233e+03 2.271344903280453131e+00
4.954060999999999694e+03 2.195338406200329828e+00
4.955854000000000269e+03 2.197323155966397046e+00
4.958243999999999687e+03 2.102192221526854254e+00
4.960037000000000262e+03 2.186485147581985977e+00
4.964219000000000051e+03 2.097146591686776418e+00
4.970194000000000415e+03 2.276517435279486357e+00
4.971987000000000080e+03 2.116361270581453624e+00
4.973779000000000451e+03 2.244727598446693229e+00
4.976168999999999869e+03 2.088786841464370880e+00
4.977962000000000444e+03 2.261712747410918212e+00
4.979753999999999905e+03 2.200209193065846947e+00
4.982144000000000233e+03 2.219894255963053453e+00
4.983936999999999898e+03 2.135082441080192517e+00
4.985729000000000269e+03 2.139226219577292198e+00
4.988118999999999687e+03 2.115915703001120640e+00
4.989912000000000262e+03 2.288193561922600594e+00
4.994095000000000255e+03 2.165527679037650088e+00
4.995886999999999716e+03 2.140797550309961217e+00
4.998277000000000044e+03 2.208499570108023669e+00
5.000069999999999709e+03 2.166760040003508969e+00
5.001862000000000080e+03 2.179651043315026016e+00
5.004252000000000407e+03 2.163986804823131216e+00
5.006045000000000073e+03 2.170351089097157349e+00
5.007837000000000444e+03 2.137786867089936926e+00
5.010226999999999862e+03 2.268984523123877217e+00
5.012020000000000437e+03 2.193047963233579090e+00
5.013811999999999898e+03 2.211932696514971042e+00
5.016202000000000226e+03 2.198014067720711395e+00
5.017994999999999891e+03 2.257002139270483099e+00
5.019787000000000262e+03 2.116237188470474706e+00
5.022176999999999680e+03 2.118807944206119842e+00
5.023970000000000255e+03 2.148764185844401986e+00
5.025761999999999716e+03 2.150512051580418138e+00
5.028153000000000247e+03 2.226999084835786569e+00
5.029944999999999709e+03 2.234524664866656352e+00
5.031738000000000284e+03 2.252406025077905660e+00
5.034127999999999702e+03 2.195588262451074080e+00
5.035920000000000073e+03 2.179083085652499641e+00
5.037712999999999738e+03 2.137570287405319291e+00
5.041895000000000437e+03 2.279193096799867924e+00
5.043688000000000102e+03 2.144575286579673445e+00
5.046078000000000429e+03 2.145130272021505746e+00
5.047869999999999891e+03 2.225208918380118028e+00
5.050260000000000218e+03 2.173021674531180558e+00
5.052052999999999884e+03 2.229616653367845203e+00
5.053845000000000255e+03 2.145081203186710361e+00
5.056234999999999673e+03 2.415239543325106375e+00
5.058028000000000247e+03 3.300951187722752866e+00
5.062211000000000240e+03 6.536459912648903803e+00
5.064002999999999702e+03 6.697908223329902988e+00
5.069978000000000065e+03 2.128869875387317201e+00
5.075953000000000429e+03 2.223093882397523480e+00
5.077746000000000095e+03 2.178608753582802926e+00
5.080136000000000422e+03 2.170174554093810215e+00
5.083720999999999549e+03 2.113173488348486728e+00
5.086110999999999876e+03 2.169683865745848372e+00
5.087903000000000247e+03 2.154251435197645392e+00
5.089695999999999913e+03 2.302238528866221046e+00
5.092086000000000240e+03 2.201046183305359172e+00
5.093877999999999702e+03 2.337801589891963516e+00
5.095671000000000276e+03 2.342379091767893939e+00
5.098060999999999694e+03 2.278304217677582955e+00
5.099854000000000269e+03 2.365204560092057484e+00
5.102243999999999687e+03 2.244481690263117279e+00
5.104036000000000058e+03 2.245749583833483776e+00
5.105828999999999724e+03 2.304651361915165175e+00
5.108219000000000051e+03 2.221447538388670928e+00
5.110011000000000422e+03 2.277805069185690812e+00
5.111804000000000087e+03 2.156955297197795218e+00
5.114194000000000415e+03 2.174334688869175025e+00
5.115985999999999876e+03 2.230853526410466969e+00
5.117779000000000451e+03 2.125569291235278158e+00
5.123753999999999905e+03 2.261430742613239175e+00
5.126144000000000233e+03 2.240674625494446737e+00
5.127935999999999694e+03 2.355794624003094029e+00
5.129729000000000269e+03 2.348125221525407369e+00
5.132118999999999687e+03 2.192502565954867144e+00
5.133912000000000262e+03 2.170109128980748814e+00
5.135703999999999724e+03 2.244285414923932187e+00
5.138094000000000051e+03 2.266637115187994489e+00
5.139886999999999716e+03 2.153090703450397214e+00
5.141679000000000087e+03 2.170796092667895749e+00
5.144069000000000415e+03 2.337442879789315420e+00
5.145862000000000080e+03 2.270518629223252205e+00
5.147654000000000451e+03 2.310009453071072194e+00
5.150043999999999869e+03 2.276688330186880549e+00
5.154226999999999862e+03 2.457332143436315341e+00
5.156019000000000233e+03 3.184353202069468480e+00
5.160202000000000226e+03 5.037639381578291164e+00
5.161993999999999687e+03 4.878117727675036264e+00
5.167970000000000255e+03 2.264409277286327793e+00
5.172152000000000044e+03 2.299192877051284611e+00
5.173944999999999709e+03 2.305444359406239485e+00
5.175737000000000080e+03 2.348374513766556149e+00
5.178127000000000407e+03 2.198628274170056685e+00
5.179920000000000073e+03 2.209809764398041665e+00
5.184101999999999862e+03 2.157304983146917543e+00
5.185895000000000437e+03 2.238278712733363207e+00
5.187686999999999898e+03 2.109114875300286407e+00
5.190077000000000226e+03 2.239277009717148381e+00
5.191869999999999891e+03 2.263444820878264707e+00
5.196051999999999680e+03 2.131997308593581053e+00
5.197845000000000255e+03 2.264643905277996971e+00
5.199636999999999716e+03 2.281891318704063920e+00
5.202027000000000044e+03 3.040660477459953270e+00
5.215770000000000437e+03 2.451269040286209844e+00
5.218159999999999854e+03 2.323551323455632200e+00
5.219953000000000429e+03 2.371670930102843577e+00
5.225927999999999884e+03 2.239510509689626616e+00
5.227720000000000255e+03 2.372219711439127465e+00
5.233694999999999709e+03 2.123110209399515114e+00
5.236085000000000036e+03 2.235945969046960080e+00
5.237877999999999702e+03 2.217456606491913895e+00
5.239671000000000276e+03 2.241396557776505816e+00
5.242060999999999694e+03 2.316223146783138453e+00
5.243853000000000065e+03 2.312528319923943698e+00
5.245645999999999731e+03 2.390152960533150406e+00
5.248036000000000058e+03 2.367322980132223975e+00
5.249828000000000429e+03 2.314659148175208792e+00
5.254011000000000422e+03 2.478654526188847740e+00
5.255802999999999884e+03 2.449416832775051844e+00
5.257595999999999549e+03 2.302389119428181807e+00
5.259985999999999876e+03 2.354165764291698437e+00
5.261778000000000247e+03 2.223503353363753376e+00
5.264167999999999665e+03 2.298652555858931024e+00
5.265961000000000240e+03 2.301197367153188900e+00
5.267752999999999702e+03 2.269439114857735973e+00
5.270143000000000029e+03 2.261476427390463506e+00
5.273728000000000065e+03 2.220908909225103756e+00
5.276118999999999687e+03 2.228459305678169855e+00
5.277911000000000058e+03 2.228935329776652097e+00
5.279703999999999724e+03 2.286886751690154540e+00
5.282094000000000051e+03 2.222612782212681992e+00
5.283886000000000422e+03 2.312702034879314361e+00
5.285679000000000087e+03 2.246727576471835519e+00
5.291654000000000451e+03 2.443226263456396374e+00
5.294043999999999869e+03 2.317219187728541741e+00
5.295836000000000240e+03 2.314789998401331594e+00
5.297628999999999905e+03 2.308902302235383175e+00
5.300019000000000233e+03 2.292071691900286368e+00
5.301810999999999694e+03 2.199087941990274686e+00
5.303604000000000269e+03 2.253324796708745303e+00
5.305993999999999687e+03 2.203742149171173281e+00
5.307786000000000058e+03 2.296428102014836270e+00
5.309578999999999724e+03 2.260479258425869276e+00
5.311969000000000051e+03 2.311534535016921410e+00
5.313761999999999716e+03 2.315783783308353883e+00
5.316152000000000044e+03 2.386304159054422946e+00
5.322127000000000407e+03 2.170674266595297830e+00
5.323918999999999869e+03 2.282185731712840671e+00
5.325712000000000444e+03 2.200990910365014486e+00
5.328101999999999862e+03 2.186724851660013513e+00
5.329894000000000233e+03 2.271899888722285432e+00
5.334077000000000226e+03 2.297018056051581603e+00
5.335868999999999687e+03 2.398255522380072335e+00
5.337662000000000262e+03 2.276779135731732850e+00
5.340051999999999680e+03 2.261462891160174848e+00
5.341844000000000051e+03 2.295292186689784408e+00
5.343636999999999716e+03 2.223123774906077266e+00
5.347819999999999709e+03 2.177654449347456556e+00
5.349612000000000080e+03 2.146187226003208437e+00
5.353795000000000073e+03 2.323567115724302745e+00
5.357976999999999862e+03 2.394963962381559064e+00
5.361561999999999898e+03 2.173013214387250258e+00
5.363952000000000226e+03 2.237388141582291823e+00
5.368135000000000218e+03 2.153323075403685394e+00
5.369926999999999680e+03 2.175709744262659839e+00
5.375902000000000044e+03 2.424687832066553916e+00
5.377694999999999709e+03 2.353526177410561360e+00
5.380085000000000036e+03 2.230683759522263720e+00
5.381877999999999702e+03 2.225197074178615786e+00
5.383670000000000073e+03 2.256139768599179973e+00
5.386060000000000400e+03 2.335543295472147562e+00
5.392034999999999854e+03 2.191754689231421693e+00
5.393828000000000429e+03 2.202965507958364988e+00
5.395619999999999891e+03 2.316536172108562219e+00
5.398010000000000218e+03 2.330090450704219940e+00
5.399802999999999884e+03 2.329621194720881583e+00
5.401595000000000255e+03 2.341012496518340313e+00
5.407569999999999709e+03 2.189266278896699447e+00
5.411752999999999702e+03 2.367558736143084097e+00
5.417728000000000065e+03 2.311105323714853554e+00
5.420118000000000393e+03 2.305312381160925739e+00
5.421911000000000058e+03 2.213418297789146116e+00
5.423703000000000429e+03 2.257919782882131798e+00
5.426092999999999847e+03 2.210069208811906272e+00
5.427886000000000422e+03 2.225197074178615786e+00
5.429677999999999884e+03 2.390873200786423070e+00
5.432068000000000211e+03 2.435874962390491838e+00
5.433860999999999876e+03 2.302431420147834196e+00
5.435653000000000247e+03 2.311940621925580253e+00
5.438042999999999665e+03 2.472068022134250143e+00
5.439836000000000240e+03 2.357043341247218038e+00
5.444018000000000029e+03 2.396836474238149606e+00
5.445810999999999694e+03 2.440324998097871401e+00
5.447603000000000065e+03 2.282642579485081313e+00
5.449993000000000393e+03 2.233263539411434628e+00
5.451786000000000058e+03 2.243113402984777238e+00
5.453578999999999724e+03 2.372501716236806502e+00
5.455969000000000051e+03 2.325772393242155012e+00
5.457761000000000422e+03 2.327480214296900662e+00
5.459554000000000087e+03 2.301055236735158438e+00
5.461944000000000415e+03 2.309955308149917563e+00
5.465529000000000451e+03 2.166521463944672377e+00
5.467918999999999869e+03 2.240935197927502287e+00
5.469711000000000240e+03 2.258993093142098729e+00
5.472100999999999658e+03 2.197385197021886505e+00
5.473894000000000233e+03 2.399582636957950932e+00
5.475685999999999694e+03 2.401195140391081395e+00
5.478076000000000022e+03 2.395107220818780469e+00
5.479868999999999687e+03 2.479079225414152710e+00
5.481661000000000058e+03 2.472886400057115353e+00
5.484051000000000386e+03 2.475893135209972229e+00
5.485844000000000051e+03 2.603110857534264078e+00
5.487636999999999716e+03 2.286669607995941433e+00
5.490027000000000044e+03 2.448525133604790405e+00
5.491819000000000415e+03 2.360075456831865814e+00
5.493612000000000080e+03 2.344404450224827130e+00
5.497793999999999869e+03 2.381952261016635930e+00
5.501976999999999862e+03 2.325017748403564788e+00
5.507952000000000226e+03 2.433500481994031794e+00
5.509743999999999687e+03 2.317582973917547307e+00
5.511537000000000262e+03 2.418512491006972631e+00
5.513926999999999680e+03 2.329722716448046960e+00
5.517511999999999716e+03 2.455102049496266758e+00
5.519902000000000044e+03 2.244792459550160046e+00
5.521694000000000415e+03 2.285326137139797709e+00
5.524085000000000036e+03 2.284857445166054823e+00
5.525877000000000407e+03 2.294372287039754710e+00
5.527670000000000073e+03 2.290373459008661960e+00
5.531851999999999862e+03 2.404699896016639471e+00
5.533645000000000437e+03 2.334900324533438543e+00
5.536034999999999854e+03 2.335370144526372371e+00
5.539619999999999891e+03 2.376306524967096045e+00
5.543801999999999680e+03 2.497416023373654426e+00
5.545595000000000255e+03 2.483829314226262852e+00
5.547984999999999673e+03 2.502554714796966451e+00
5.549777000000000044e+03 2.438953326761959417e+00
5.551569999999999709e+03 2.595758992458764070e+00
5.553960000000000036e+03 2.611823677763363882e+00
5.555752000000000407e+03 2.585241905534112483e+00
5.557545000000000073e+03 2.488761860142472138e+00
5.559935000000000400e+03 2.480891952253635679e+00
5.561728000000000065e+03 2.454456822519176740e+00
5.563520000000000437e+03 2.350191752682801116e+00
5.567703000000000429e+03 2.416752781069453349e+00
5.569494999999999891e+03 2.520091465145451792e+00
5.571885000000000218e+03 2.541384237394228585e+00
5.573677999999999884e+03 2.633882657047434961e+00
5.579653000000000247e+03 2.463011156051980954e+00
5.582042999999999665e+03 2.465576835701267733e+00
5.583835000000000036e+03 2.525779501914644065e+00
5.585627999999999702e+03 2.454351916734440309e+00
5.588018000000000029e+03 2.437991126392277330e+00
5.589810000000000400e+03 2.394755278831276257e+00
5.591603000000000065e+03 2.386463209760314008e+00
5.593993000000000393e+03 2.326212320726534166e+00
5.597578000000000429e+03 2.434232566448807589e+00
5.599967999999999847e+03 2.414932158095635550e+00
5.603552999999999884e+03 2.302353586823674192e+00
5.605943000000000211e+03 2.370423904887505984e+00
5.607735999999999876e+03 2.389693856722527876e+00
5.609528000000000247e+03 2.454927206521706040e+00
5.611917999999999665e+03 2.418122196366984333e+00
5.613711000000000240e+03 2.443607533942858900e+00
5.615502999999999702e+03 2.342775590513430650e+00
5.617893000000000029e+03 2.390847256345036698e+00
5.619685999999999694e+03 2.482809584877854192e+00
5.621478000000000065e+03 2.462950243015682439e+00
5.623868000000000393e+03 2.479866018799677718e+00
5.629844000000000051e+03 2.289662806918509652e+00
5.631636000000000422e+03 2.336573176993272050e+00
5.635819000000000415e+03 2.647059049214202986e+00
5.637610999999999876e+03 2.551984515734195824e+00
5.640001000000000204e+03 2.595461195392415377e+00
5.643586000000000240e+03 2.472707609015386332e+00
5.645975999999999658e+03 2.495885583336648672e+00
5.647769000000000233e+03 2.497419971440821840e+00
5.649560999999999694e+03 2.501295845380126615e+00
5.651951000000000022e+03 2.531231500668178036e+00
5.653743999999999687e+03 2.485603688413260848e+00
5.655536000000000058e+03 2.535004442856329199e+00
5.657926000000000386e+03 2.535749781536595471e+00
5.661511000000000422e+03 2.634505605645507842e+00
5.663902000000000044e+03 2.563499053628239821e+00
5.665694000000000415e+03 2.641245520310043560e+00
5.669877000000000407e+03 2.439753092368177612e+00
5.671668999999999869e+03 2.435067300649937927e+00
5.673462000000000444e+03 2.405748953864006445e+00
5.675851999999999862e+03 2.403967811561864565e+00
5.677644000000000233e+03 2.521810566392105102e+00
5.680033999999999651e+03 2.487638635033315282e+00
5.681827000000000226e+03 2.505692864185542490e+00
5.683618999999999687e+03 2.642015111402910676e+00
5.686009000000000015e+03 2.515775663721767863e+00
5.687801999999999680e+03 2.531720778992151644e+00
5.689594000000000051e+03 2.585140947816542578e+00
5.693777000000000044e+03 2.496297874350855928e+00
5.695569000000000415e+03 2.545412111919482356e+00
5.697958999999999833e+03 2.528252683990291239e+00
5.699752000000000407e+03 2.582265908904202156e+00
5.703935000000000400e+03 2.498793334805520239e+00
5.705726999999999862e+03 2.531181585818988999e+00
5.707520000000000437e+03 2.533190587997656174e+00
5.709909999999999854e+03 2.433116391459592798e+00
5.713494999999999891e+03 2.648689318949586813e+00
5.717676999999999680e+03 2.581618425888731139e+00
5.719470000000000255e+03 2.619899167149708497e+00
5.721859999999999673e+03 2.513671907931080085e+00
5.723652000000000044e+03 2.523701126555747187e+00
5.725444999999999709e+03 2.366743742277790830e+00
5.727835000000000036e+03 2.542923983589557402e+00
5.729627000000000407e+03 2.534174220731961746e+00
5.732016999999999825e+03 2.623095127521808401e+00
5.733810000000000400e+03 2.604587716659710672e+00
5.735603000000000065e+03 2.650002897297176752e+00
5.737993000000000393e+03 2.643779333417191957e+00
5.739784999999999854e+03 2.556326261599266125e+00
5.741578000000000429e+03 2.637896713337601895e+00
5.743967999999999847e+03 2.572672669696747683e+00
5.745760000000000218e+03 2.682540892858213510e+00
5.747552999999999884e+03 2.633606574350507046e+00
5.749943000000000211e+03 2.667968858947729949e+00
5.751734999999999673e+03 2.629018638297061727e+00
5.753528000000000247e+03 2.661798875979305201e+00
5.755917999999999665e+03 2.610351048709881994e+00
5.757710000000000036e+03 2.668346181367025061e+00
5.761893000000000029e+03 2.445385292187428838e+00
5.763685000000000400e+03 2.589812921299696313e+00
5.765478000000000065e+03 2.541909048322709808e+00
5.767868000000000393e+03 2.569020143557205316e+00
5.769659999999999854e+03 2.545220066652261970e+00
5.771453000000000429e+03 2.638003311151124741e+00
5.773842999999999847e+03 2.542304419049055575e+00
5.775636000000000422e+03 2.954408464075343410e+00
5.777427999999999884e+03 2.779807167625783393e+00
5.779818000000000211e+03 2.874096035739455601e+00
5.783403000000000247e+03 2.361893823767301726e+00
5.785792999999999665e+03 2.438495350970527831e+00
5.787586000000000240e+03 2.405139823501019514e+00
5.791768000000000029e+03 2.581266765906024219e+00
5.793560999999999694e+03 2.613940687779542138e+00
5.795951000000000022e+03 2.668983512209780251e+00
5.797743000000000393e+03 2.678453233315851278e+00
5.799536000000000058e+03 2.585603999694332522e+00
5.801926000000000386e+03 2.579763398329596669e+00
5.803717999999999847e+03 2.711819476967671783e+00
5.805511000000000422e+03 2.649438887701818679e+00
5.809694000000000415e+03 2.723753638000662392e+00
5.813876000000000204e+03 2.569504345794820566e+00
5.815668999999999869e+03 2.566697834048316196e+00
5.817461000000000240e+03 2.551152883585839248e+00
5.819850999999999658e+03 2.640906832548030714e+00
5.821644000000000233e+03 2.607416224780434000e+00
5.823435999999999694e+03 2.533549016095506090e+00
5.825826000000000022e+03 2.586773473590308292e+00
5.827618999999999687e+03 2.767846216137013649e+00
5.829411000000000058e+03 2.745445447038155073e+00
5.831801000000000386e+03 2.833772451724088981e+00
5.833594000000000051e+03 2.609965548151454762e+00
5.835386000000000422e+03 2.541033987435510788e+00
5.837775999999999840e+03 2.546450453584537144e+00
5.839569000000000415e+03 2.461349019774458746e+00
5.841958999999999833e+03 2.671669325902878533e+00
5.843752000000000407e+03 2.681157659325596576e+00
5.847934000000000196e+03 2.862790463400492591e+00
5.849726999999999862e+03 2.641758205032224360e+00
5.853908999999999651e+03 2.522922793314152479e+00
5.855702000000000226e+03 2.421590855378439322e+00
5.857493999999999687e+03 2.422825472382679202e+00
5.859884000000000015e+03 2.623218363618393667e+00
5.861676999999999680e+03 2.469845260318941804e+00
5.865859000000000378e+03 2.549597627126638066e+00
5.867652000000000044e+03 2.685470640701304035e+00
5.869444000000000415e+03 2.633840638332580752e+00
5.873627000000000407e+03 2.715175052055258220e+00
5.875418999999999869e+03 2.637930553913323095e+00
5.877810000000000400e+03 2.623056774869323426e+00
5.881395000000000437e+03 2.495079331620083885e+00
5.883784999999999854e+03 2.576137944650630729e+00
5.885577000000000226e+03 2.450278639436760386e+00
5.889760000000000218e+03 2.651177447279510879e+00
5.891551999999999680e+03 2.675976949187429454e+00
5.893942000000000007e+03 2.594955278785378461e+00
5.895734999999999673e+03 2.605642696607828768e+00
5.897527000000000044e+03 2.504524800313554067e+00
5.899917000000000371e+03 2.658900994678352170e+00
5.903502000000000407e+03 2.473030786513526813e+00
5.905891999999999825e+03 2.540042740571667679e+00
5.907685000000000400e+03 2.514571503235677241e+00
5.909476999999999862e+03 2.606341786501276125e+00
5.911868000000000393e+03 2.582698786268640134e+00
5.913659999999999854e+03 2.700413510920735227e+00
5.917842999999999847e+03 2.748260418928589743e+00
5.919635000000000218e+03 2.696082763242773517e+00
5.921427999999999884e+03 2.707791884447216191e+00
5.923818000000000211e+03 2.698526052809866904e+00
5.925609999999999673e+03 2.552792741484345207e+00
5.927403000000000247e+03 2.704428695230093105e+00
5.929792999999999665e+03 2.607305114890148268e+00
5.933377999999999702e+03 2.757067428760114680e+00
5.937560000000000400e+03 2.636046197855230311e+00
5.941743000000000393e+03 2.673318771964504847e+00
5.945925000000000182e+03 2.588059979477321804e+00
5.947717999999999847e+03 2.586656159594474147e+00
5.949511000000000422e+03 2.599612306014254415e+00
5.953693000000000211e+03 2.720359146250997284e+00
5.955485999999999876e+03 2.728268816816306064e+00
5.957876000000000204e+03 2.747199516879720527e+00
5.959667999999999665e+03 2.784904122339039390e+00
5.961461000000000240e+03 2.740980465076498618e+00
5.963850999999999658e+03 2.742623707032575631e+00
5.965643000000000029e+03 2.685846271091812731e+00
5.969826000000000022e+03 2.738057203343754686e+00
5.971618000000000393e+03 2.719765808156680009e+00
5.973411000000000058e+03 2.729639360133027992e+00
5.977592999999999847e+03 2.572134604542775982e+00
5.979386000000000422e+03 2.576201677734906603e+00
5.983569000000000415e+03 2.671688502229120132e+00
5.985360999999999876e+03 2.609210339303269954e+00
5.987751000000000204e+03 2.757073068856068510e+00
5.989543999999999869e+03 2.743147389941866798e+00
5.991336000000000240e+03 2.654501719834555296e+00
5.993725999999999658e+03 2.643502968715466750e+00
5.995519000000000233e+03 2.730487066554851516e+00
5.997908999999999651e+03 2.629529912995254293e+00
5.999701000000000022e+03 2.665103972208106242e+00
6.001493999999999687e+03 2.672330909158233681e+00
6.003884000000000015e+03 2.733976593921335407e+00
6.007469000000000051e+03 2.583118127402789455e+00
6.009859000000000378e+03 2.739996268332597573e+00
6.011650999999999840e+03 2.783224783768859290e+00
6.013444000000000415e+03 2.794120321131996931e+00
6.015833999999999833e+03 2.735173422282686673e+00
6.017626000000000204e+03 2.721045545928548748e+00
6.019418999999999869e+03 2.754797290138796484e+00
6.021809000000000196e+03 2.743021333797304173e+00
6.023601999999999862e+03 2.779048010710431171e+00
6.025394000000000233e+03 2.775052284732113073e+00
6.027783999999999651e+03 2.808327722839080387e+00
6.029577000000000226e+03 2.708985892760590097e+00
6.033759000000000015e+03 2.852422839018609935e+00
6.035551999999999680e+03 2.733750144068799237e+00
6.037344000000000051e+03 2.742309271683163630e+00
6.039734000000000378e+03 2.742993415322333206e+00
6.043319000000000415e+03 2.640790082561792040e+00
6.045708999999999833e+03 2.664418136540150250e+00
6.047502000000000407e+03 2.668593499574590133e+00
6.049891999999999825e+03 2.573483151485278064e+00
6.055867000000000189e+03 2.702420257061020514e+00
6.057659999999999854e+03 2.716584794038856998e+00
6.061841999999999643e+03 2.776238678915949443e+00
6.063635000000000218e+03 2.795218729818957470e+00
6.065426999999999680e+03 2.770861975443396297e+00
6.067817000000000007e+03 2.886529627269136533e+00
6.069609999999999673e+03 2.817059437389624499e+00
6.075585000000000036e+03 3.616545294848846126e+00
6.079766999999999825e+03 3.213241491538939343e+00
6.083351999999999862e+03 2.453654236864981186e+00
6.087534999999999854e+03 2.215394023401687562e+00
6.089328000000000429e+03 2.285807237324638308e+00
6.091717999999999847e+03 2.436226904377996050e+00
6.093510000000000218e+03 2.417427336545502570e+00
6.097693000000000211e+03 2.931990774688625123e+00
6.099484999999999673e+03 2.947858620644444372e+00
6.101875000000000000e+03 2.909342123372606892e+00
6.103667999999999665e+03 2.902205709962533575e+00
6.105460000000000036e+03 2.874836016328566224e+00
6.107850000000000364e+03 2.870425743297659871e+00
6.111435000000000400e+03 2.808543456509305258e+00
6.113824999999999818e+03 2.768115530718796791e+00
6.115618000000000393e+03 2.836548224947646801e+00
6.117409999999999854e+03 2.819869897203297171e+00
6.121592999999999847e+03 2.707206442487233744e+00
6.123385000000000218e+03 2.836843765975614495e+00
6.125775999999999840e+03 2.701929568713058671e+00
6.127568000000000211e+03 2.709420744158611782e+00
6.129360999999999876e+03 2.708704451972506533e+00
6.131751000000000204e+03 2.748200633911482171e+00
6.133542999999999665e+03 2.675375996963575531e+00
6.135336000000000240e+03 2.694398348586235059e+00
6.139518000000000029e+03 2.811899595606486280e+00
6.141310999999999694e+03 2.732282027092080234e+00
6.143701000000000022e+03 2.828875438412388199e+00
6.149676000000000386e+03 2.612856097327667548e+00
6.153858000000000175e+03 2.770158091468388761e+00
6.155650999999999840e+03 2.717736501632579404e+00
6.157443000000000211e+03 2.871504693653580631e+00
6.159833999999999833e+03 2.859569122596601787e+00
6.161626000000000204e+03 2.888924130006231827e+00
6.163418999999999869e+03 2.809881851279091514e+00
6.165809000000000196e+03 2.802437206625155497e+00
6.167600999999999658e+03 2.707570228676240198e+00
6.169394000000000233e+03 2.861504521523074551e+00
6.171783999999999651e+03 2.848038228424292662e+00
6.173576000000000022e+03 2.732964478702464284e+00
6.175368999999999687e+03 2.803536743331306980e+00
6.179551000000000386e+03 2.626332824603964333e+00
6.181344000000000051e+03 2.746543573720318321e+00
6.183734000000000378e+03 2.695897204085900611e+00
6.187319000000000415e+03 2.820204636898142603e+00
6.189708999999999833e+03 2.747978414130910707e+00
6.195684000000000196e+03 2.905764046499651698e+00
6.199269000000000233e+03 2.807573642010085635e+00
6.201658999999999651e+03 2.830142203963563752e+00
6.203452000000000226e+03 2.659714860524454494e+00
6.205841999999999643e+03 2.807929250059959969e+00
6.207634000000000015e+03 2.769573495522799078e+00
6.209426999999999680e+03 2.772877181727611884e+00
6.211817000000000007e+03 2.851258441208992522e+00
6.217792000000000371e+03 2.678122441688174149e+00
6.219583999999999833e+03 2.687272369353676638e+00
6.221377000000000407e+03 2.779124152005804760e+00
6.223766999999999825e+03 2.785835584185774039e+00
6.225559000000000196e+03 2.712892505222842310e+00
6.227351999999999862e+03 2.784848567393896523e+00
6.229742000000000189e+03 2.729686454934239670e+00
6.233327000000000226e+03 2.866786471383607982e+00
6.237510000000000218e+03 2.847853797286609812e+00
6.239301999999999680e+03 2.813980509008562336e+00
6.241692000000000007e+03 2.826174114455417552e+00
6.243484999999999673e+03 2.782627779612171892e+00
6.245277000000000044e+03 2.772969679301251489e+00
6.247667000000000371e+03 2.807082107647731029e+00
6.249460000000000036e+03 2.804692963001792272e+00
6.251252000000000407e+03 2.797925129862286475e+00
6.253641999999999825e+03 2.805316475609460625e+00
6.255435000000000400e+03 2.788413672046158531e+00
6.257824999999999818e+03 2.863199370357127016e+00
6.259617000000000189e+03 2.768667696112653509e+00
6.261409999999999854e+03 2.771958692101570421e+00
6.263800000000000182e+03 2.762531271715151782e+00
6.267385000000000218e+03 2.856603560144206355e+00
6.269774999999999636e+03 2.992697947485049248e+00
6.271568000000000211e+03 2.924693336539077038e+00
6.273359999999999673e+03 2.768586478730921563e+00
6.275750000000000000e+03 2.770591814847219503e+00
6.277542999999999665e+03 2.729217762960496785e+00
6.279335000000000036e+03 2.728567459897048408e+00
6.281725000000000364e+03 2.744177271462991285e+00
6.283518000000000029e+03 2.673490794891089095e+00
6.291284999999999854e+03 2.958375707569095958e+00
6.295467999999999847e+03 2.701350612863422818e+00
6.297260000000000218e+03 2.800182578267708777e+00
6.299649999999999636e+03 2.653318145698694508e+00
6.301443000000000211e+03 2.735660726573076573e+00
6.303235999999999876e+03 2.744006376555597981e+00
6.311600999999999658e+03 2.896571818114496821e+00
6.313393000000000029e+03 2.841485564945416264e+00
6.315783000000000357e+03 2.692995656722578346e+00
6.317576000000000022e+03 2.788526191960432499e+00
6.321757999999999811e+03 2.752482312754646721e+00
6.323551000000000386e+03 2.856113717810637276e+00
6.327733000000000175e+03 2.752114014488878269e+00
6.329525999999999840e+03 2.769888494881806551e+00
6.331318000000000211e+03 2.715948873220090043e+00
6.333707999999999629e+03 2.616617759323911940e+00
6.337293999999999869e+03 2.691971979307002272e+00
6.339684000000000196e+03 2.686117559707179581e+00
6.341475999999999658e+03 2.710482774226671943e+00
6.345658999999999651e+03 2.812570485020165378e+00
6.347451000000000022e+03 2.805239770304492453e+00
6.349243999999999687e+03 2.747704587472363791e+00
6.353426000000000386e+03 2.769629614477537416e+00
6.355219000000000051e+03 2.609447787342915603e+00
6.357609000000000378e+03 2.783016946232969246e+00
6.361194000000000415e+03 2.647165647027725832e+00
6.363583999999999833e+03 2.758947272741445467e+00
6.365376000000000204e+03 2.735346573228461864e+00
6.367765999999999622e+03 2.822850405909969496e+00
6.369559000000000196e+03 2.762212042284178715e+00
6.371350999999999658e+03 2.823608998815727134e+00
6.373742000000000189e+03 2.821725488772027113e+00
6.375533999999999651e+03 2.828094849132411603e+00
6.377327000000000226e+03 2.820145415890629614e+00
6.379716999999999643e+03 2.853421136002395109e+00
6.381509000000000015e+03 2.841533787765818886e+00
6.383301999999999680e+03 2.874614078552792940e+00
6.385692000000000007e+03 2.755951253770899889e+00
6.389277000000000044e+03 2.805173217172240108e+00
6.391667000000000371e+03 2.875151861701967348e+00
6.393458999999999833e+03 2.875017063408676243e+00
6.397641999999999825e+03 2.726766295254271277e+00
6.401226999999999862e+03 2.898979293072285301e+00
6.403617000000000189e+03 2.880651801271106649e+00
6.405408999999999651e+03 2.843385713272178705e+00
6.407202000000000226e+03 2.899081378809045262e+00
6.409591999999999643e+03 2.756282609408173379e+00
6.411385000000000218e+03 2.752007416675355422e+00
6.413176999999999680e+03 2.633115886002544315e+00
6.415567000000000007e+03 2.783337021678335965e+00
6.417359999999999673e+03 2.761095585290165744e+00
6.419750000000000000e+03 2.787073303242788569e+00
6.421542000000000371e+03 2.794304752269678893e+00
6.423335000000000036e+03 2.883002311259764028e+00
6.427516999999999825e+03 2.649958058534346073e+00
6.431699999999999818e+03 2.823273131101690758e+00
6.433492000000000189e+03 2.739681832983185572e+00
6.435284999999999854e+03 2.786408053925063300e+00
6.439466999999999643e+03 2.554445853608340755e+00
6.441260000000000218e+03 2.663588760430175562e+00
6.443649999999999636e+03 2.649379948699102982e+00
6.445443000000000211e+03 2.609977674357755184e+00
6.449625000000000000e+03 2.698431581202644480e+00
6.451417999999999665e+03 2.686635602520516919e+00
6.453210000000000036e+03 2.661590192429022395e+00
6.457393000000000029e+03 2.770751711567503328e+00
6.459185000000000400e+03 2.666718731679617704e+00
6.461574999999999818e+03 2.769100855481888779e+00
6.465159999999999854e+03 2.834379608053493094e+00
6.471733000000000175e+03 2.874784973460186244e+00
6.475318000000000211e+03 2.713909978532869083e+00
6.479501000000000204e+03 2.755253573901441655e+00
6.481292999999999665e+03 2.733821209277814468e+00
6.483682999999999993e+03 2.870195909387550870e+00
6.485475999999999658e+03 2.781873134773582557e+00
6.487268000000000029e+03 2.856510498560972167e+00
6.489658000000000357e+03 2.804362453378911546e+00
6.491451000000000022e+03 2.791581995948085648e+00
6.495632999999999811e+03 2.707942193004379661e+00
6.497426000000000386e+03 2.681248746875247058e+00
6.499217999999999847e+03 2.674861338207810135e+00
6.501608000000000175e+03 3.085301554927790235e+00
6.503400999999999840e+03 3.136362753619594379e+00
6.507582999999999629e+03 2.834955179845556117e+00
6.511167999999999665e+03 2.785915109538719570e+00
6.513559000000000196e+03 2.840419304805390510e+00
6.517144000000000233e+03 2.692218451500173693e+00
6.521326000000000022e+03 2.830090033075992828e+00
6.523716000000000349e+03 2.857019517220782845e+00
6.525509000000000015e+03 2.816841447681018629e+00
6.527301000000000386e+03 2.818821685370322960e+00
6.531484000000000378e+03 2.753379652020862878e+00
6.535666000000000167e+03 2.838871662475725977e+00
6.537458999999999833e+03 2.802344427046718600e+00
6.539251000000000204e+03 2.832100727283446417e+00
6.541640999999999622e+03 2.839842322989338363e+00
6.543434000000000196e+03 2.859075050191067113e+00
6.545225999999999658e+03 2.840923247378843719e+00
6.547615999999999985e+03 2.897875526294168225e+00
6.549408999999999651e+03 2.881870626006676872e+00
6.553591999999999643e+03 2.785280598743941738e+00
6.557176999999999680e+03 2.817852998890294280e+00
6.559567000000000007e+03 2.889231233230904472e+00
6.561359000000000378e+03 2.874516222887997685e+00
6.563152000000000044e+03 2.973059697384258016e+00
6.565542000000000371e+03 3.003887615852167237e+00
6.569127000000000407e+03 2.821224366246550375e+00
6.573309000000000196e+03 3.022684927646278830e+00
6.577492000000000189e+03 2.818336073108719475e+00
6.579283999999999651e+03 2.828128971712930984e+00
6.581673999999999978e+03 2.829177465550702486e+00
6.583466999999999643e+03 2.864580065846565660e+00
6.585260000000000218e+03 2.810972927841312696e+00
6.587649999999999636e+03 2.821838854700693844e+00
6.589442000000000007e+03 2.769241293871132825e+00
6.591234999999999673e+03 2.835858441212523395e+00
6.593625000000000000e+03 2.837511553336518944e+00
6.595417000000000371e+03 2.850797645369584465e+00
6.599600000000000364e+03 2.994713435774063903e+00
6.601391999999999825e+03 2.903982340187913458e+00
6.603185000000000400e+03 2.878045512930954786e+00
6.605574999999999818e+03 2.931565793458521973e+00
6.607367000000000189e+03 2.925134110037849844e+00
6.613341999999999643e+03 2.774597410993456137e+00
6.615135000000000218e+03 2.854615990330161779e+00
6.617524999999999636e+03 2.853464564741237552e+00
6.621109999999999673e+03 2.926729693183119707e+00
6.623500000000000000e+03 2.935675167370304983e+00
6.625292999999999665e+03 2.906464828421884583e+00
6.627682999999999993e+03 2.732414287342192161e+00
6.637243000000000393e+03 3.032326953683732285e+00
6.639632999999999811e+03 2.974230581304222021e+00
6.643217999999999847e+03 3.006393228479547375e+00
6.645608000000000175e+03 2.907386702105497989e+00
6.647399999999999636e+03 2.985920244177624916e+00
6.651582999999999629e+03 2.732326301845316330e+00
6.653375000000000000e+03 2.942137871318721842e+00
6.655167999999999665e+03 2.962952645435431798e+00
6.657557999999999993e+03 2.806820125190687243e+00
6.659350999999999658e+03 3.036773323328741725e+00
6.661143000000000029e+03 2.937520606766318210e+00
6.663533000000000357e+03 2.914039195282753347e+00
6.665326000000000022e+03 3.004776494974452206e+00
6.667118000000000393e+03 2.934352282864391093e+00
6.669507999999999811e+03 2.938561486474553064e+00
6.673092999999999847e+03 2.895662070637182950e+00
6.675483000000000175e+03 2.835507345239411947e+00
6.677275999999999840e+03 2.909290234489833260e+00
6.679666000000000167e+03 2.829779263788950061e+00
6.681457999999999629e+03 2.878241224260544406e+00
6.683251000000000204e+03 2.827478668649482607e+00
6.685640999999999622e+03 2.822143137877390018e+00
6.687432999999999993e+03 2.788394495719916044e+00
6.693408999999999651e+03 2.603282034446455562e+00
6.695201000000000022e+03 2.691687436466144057e+00
6.699384000000000015e+03 3.056013382655210719e+00
6.701176000000000386e+03 3.096728389329755693e+00
6.703565999999999804e+03 3.055261557864596966e+00
6.705359000000000378e+03 3.084539859969258835e+00
6.709541000000000167e+03 2.899547250734810788e+00
6.711333999999999833e+03 2.928412415810871749e+00
6.713126000000000204e+03 2.868223285827784075e+00
6.717309000000000196e+03 3.022455939750563481e+00
6.719100999999999658e+03 3.029927656865076813e+00
6.721490999999999985e+03 3.074556890131410647e+00
6.725076000000000022e+03 2.943399560783539037e+00
6.727466999999999643e+03 2.940717977162406349e+00
6.729259000000000015e+03 2.962910626720577589e+00
6.733442000000000007e+03 2.872864520787990372e+00
6.735234000000000378e+03 2.916752645446023529e+00
6.737623999999999796e+03 2.910150067117958095e+00
6.739417000000000371e+03 2.976931059246799016e+00
6.741208999999999833e+03 2.898286407284387245e+00
6.743599000000000160e+03 3.134279020169541852e+00
6.747184000000000196e+03 4.069828244441861642e+00
6.749573999999999614e+03 4.116130048163232580e+00
6.751367000000000189e+03 3.835125239496494753e+00
6.753158999999999651e+03 3.263224867894012782e+00
6.755548999999999978e+03 3.143676266042609413e+00
6.757341999999999643e+03 4.202071574265596965e+00
6.769292000000000371e+03 5.994824013928567119e+00
6.771085000000000036e+03 3.378576956351150073e+00
6.773475000000000364e+03 3.194789071612389009e+00
6.777060000000000400e+03 3.237604732024847554e+00
6.783631999999999607e+03 6.471617421499309408e+00
6.785425000000000182e+03 6.515298836640643465e+00
6.791399999999999636e+03 2.925502126298821892e+00
6.793192000000000007e+03 2.935552213278517009e+00
6.797375000000000000e+03 3.027001011074760939e+00
6.799167999999999665e+03 3.025060536061929817e+00
6.801557999999999993e+03 2.904877987425343200e+00
6.803350000000000364e+03 2.888413419317634734e+00
6.805143000000000029e+03 2.852619396362592319e+00
6.809324999999999818e+03 2.958848629614804437e+00
6.811118000000000393e+03 2.991429207900289988e+00
6.815300000000000182e+03 3.140807713240615584e+00
6.817092999999999847e+03 3.031529162111097797e+00
6.819483000000000175e+03 3.060112604394277014e+00
6.825457999999999629e+03 2.995929158456859476e+00
6.827250000000000000e+03 3.007495867238473508e+00
6.829042999999999665e+03 2.967223890101082340e+00
6.831432999999999993e+03 3.015279481659220551e+00
6.833225999999999658e+03 2.955692149914379563e+00
6.835615999999999985e+03 3.052389056995435723e+00
6.837408000000000357e+03 2.851638583676264105e+00
6.841591000000000349e+03 2.876349818082508669e+00
6.843382999999999811e+03 2.952831775251518742e+00
6.845176000000000386e+03 2.922387665313251226e+00
6.847565999999999804e+03 2.920316058069499121e+00
6.849358000000000175e+03 3.085429585105936567e+00
6.851150999999999840e+03 3.064173755485656514e+00
6.853541000000000167e+03 3.023091014554936784e+00
6.855332999999999629e+03 3.025467468984980535e+00
6.861307999999999993e+03 2.899087300909796383e+00
6.863100999999999658e+03 2.895226091219971210e+00
6.867283000000000357e+03 2.977202911871762225e+00
6.869076000000000022e+03 2.998529806701057510e+00
6.871466000000000349e+03 2.994530414660370177e+00
6.873259000000000015e+03 2.915444143184791059e+00
6.875051000000000386e+03 3.023055763955227349e+00
6.879234000000000378e+03 3.329800560530143727e+00
6.881025999999999840e+03 3.361543302561724289e+00
6.883416000000000167e+03 3.255268384532288728e+00
6.885208999999999833e+03 3.078343086545053175e+00
6.887001000000000204e+03 3.111281528918794059e+00
6.889390999999999622e+03 3.102774290187202411e+00
6.893573999999999614e+03 2.981175231451873131e+00
6.897158999999999651e+03 3.070924386332503531e+00
6.899548999999999978e+03 2.913933443483623265e+00
6.901341000000000349e+03 2.922046721512857381e+00
6.903134000000000015e+03 3.022451145669002415e+00
6.907317000000000007e+03 2.973657547555338176e+00
6.909109000000000378e+03 3.017102078666621168e+00
6.911498999999999796e+03 3.192871438988169608e+00
6.915083999999999833e+03 3.933562962193625001e+00
6.917474000000000160e+03 3.922927433253947438e+00
6.919266999999999825e+03 3.830705096297668977e+00
6.923448999999999614e+03 3.194600128397943273e+00
6.925242000000000189e+03 3.189549140466709787e+00
6.931216999999999643e+03 3.786357021814620971e+00
6.933009000000000015e+03 3.620980384301948796e+00
6.937192000000000007e+03 2.969285345172117729e+00
6.938984999999999673e+03 2.926232800729608563e+00
6.941375000000000000e+03 2.979065553560434232e+00
6.943167000000000371e+03 2.975888205504981343e+00
6.945556999999999789e+03 2.851419747953264583e+00
6.947350000000000364e+03 2.997884861728764783e+00
6.951532000000000153e+03 3.027434170443996209e+00
6.953324999999999818e+03 3.059897716738444906e+00
6.955117000000000189e+03 2.985790239965894877e+00
6.957506999999999607e+03 3.083984028513032882e+00
6.959300000000000182e+03 3.041134245520054513e+00
6.963481999999999971e+03 2.880806903909830297e+00
6.965274999999999636e+03 2.860966738373900142e+00
6.971250000000000000e+03 2.964353363265504804e+00
6.973042000000000371e+03 3.023767826069367004e+00
6.975432999999999993e+03 2.967109960162820137e+00
6.979018000000000029e+03 2.996561131208458129e+00
6.981408000000000357e+03 3.013397663644306057e+00
6.983199999999999818e+03 2.955671281559351549e+00
6.984993000000000393e+03 2.970321148793994226e+00
6.987382999999999811e+03 2.940342064767099473e+00
6.989175000000000182e+03 2.874623102706318711e+00
6.993358000000000175e+03 3.021879239939309514e+00
6.995149999999999636e+03 2.934723119173339612e+00
6.997539999999999964e+03 3.031579358965084126e+00
6.999332999999999629e+03 3.050592404429420590e+00
7.001125000000000000e+03 2.907635712341848588e+00
7.005307999999999993e+03 2.989591382633814298e+00
7.009490999999999985e+03 2.948003571110451304e+00
7.011283000000000357e+03 2.983285755357704794e+00
7.013076000000000022e+03 3.053670768800888169e+00
7.015466000000000349e+03 3.046655335449020008e+00
7.017257999999999811e+03 3.020228383853694076e+00
7.019051000000000386e+03 3.020189467191614519e+00
7.021440999999999804e+03 3.040438539684179986e+00
7.023233000000000175e+03 2.952002963151139525e+00
7.025025999999999840e+03 2.951352096078095677e+00
7.027416000000000167e+03 2.942623765585123508e+00
7.029207999999999629e+03 2.997495977112765608e+00
7.031001000000000204e+03 2.984994422426844096e+00
7.033390999999999622e+03 2.962687842930410653e+00
7.036975999999999658e+03 3.000819403653416373e+00
7.039365999999999985e+03 2.935850010344866590e+00
7.041158000000000357e+03 2.916848809082032368e+00
7.045341000000000349e+03 2.983331722139726416e+00
7.047134000000000015e+03 3.083931011611069195e+00
7.049524000000000342e+03 2.998114695638873783e+00
7.051315999999999804e+03 3.040990423073238524e+00
7.055498999999999796e+03 2.889823161301233512e+00
7.057291000000000167e+03 2.957885583230729587e+00
7.059083999999999833e+03 2.967125752431489794e+00
7.061474000000000160e+03 3.016473207967797165e+00
7.063265999999999622e+03 3.015820366861168722e+00
7.067448999999999614e+03 2.822594063548878651e+00
7.069240999999999985e+03 2.689317186141649607e+00
7.071033999999999651e+03 2.670163138278472736e+00
7.073423999999999978e+03 2.695405387718747825e+00
7.077009000000000015e+03 2.878818206076595665e+00
7.079399000000000342e+03 2.899638056279663978e+00
7.082984000000000378e+03 2.993632793389356728e+00
7.087167000000000371e+03 2.937360710046034384e+00
7.091349000000000160e+03 2.760205014139095248e+00
7.093141999999999825e+03 2.776864729566797863e+00
7.101506999999999607e+03 2.947620608595203251e+00
7.103298999999999978e+03 2.956973861719832897e+00
7.105091999999999643e+03 2.956735003656198124e+00
7.107481999999999971e+03 2.937499738411290195e+00
7.109274000000000342e+03 2.882353418220303887e+00
7.111067000000000007e+03 2.929071461023048606e+00
7.113457000000000335e+03 2.888280313053130044e+00
7.115248999999999796e+03 2.977498734904528099e+00
7.117042000000000371e+03 2.941797773532720761e+00
7.119431999999999789e+03 2.946376967437436711e+00
7.121225000000000364e+03 3.004432449121283710e+00
7.125407000000000153e+03 2.829815078398255856e+00
7.128992000000000189e+03 2.965846014659621055e+00
7.131381999999999607e+03 2.891650834394992486e+00
7.133175000000000182e+03 2.916304821827308658e+00
7.134966999999999643e+03 2.877292560121150977e+00
7.137356999999999971e+03 2.807819268188864292e+00
7.139149999999999636e+03 2.836537508765334614e+00
7.140942000000000007e+03 2.812687517011202232e+00
7.143332000000000335e+03 2.883294468230159779e+00
7.146917000000000371e+03 2.831327188123411887e+00
7.149306999999999789e+03 2.914926100371454609e+00
7.151100000000000364e+03 2.806077324553599261e+00
7.155283000000000357e+03 2.889953165512963551e+00
7.159465000000000146e+03 2.951987734892064452e+00
7.161257999999999811e+03 2.887085740730159777e+00
7.163050000000000182e+03 2.935120181928471794e+00
7.165439999999999600e+03 2.920374151057821166e+00
7.169024999999999636e+03 2.945887971118261284e+00
7.171414999999999964e+03 2.852052566719256887e+00
7.173207999999999629e+03 2.891834701523079865e+00
7.175000000000000000e+03 2.859366079142272810e+00
7.179182999999999993e+03 2.992454013335057006e+00
7.183364999999999782e+03 3.041979131893901567e+00
7.186951000000000022e+03 2.874178099135580311e+00
7.189341000000000349e+03 2.965335303971023961e+00
7.191132999999999811e+03 2.910003142618366567e+00
7.192926000000000386e+03 2.750702298471694895e+00
7.195315999999999804e+03 2.780403889777672610e+00
7.197108000000000175e+03 2.846876086653056248e+00
7.198900999999999840e+03 2.847890457910308371e+00
7.201291000000000167e+03 2.806734395732192411e+00
7.203082999999999629e+03 2.930340200607807866e+00
7.205472999999999956e+03 2.942412825996458814e+00
7.207265999999999622e+03 3.016507330548315657e+00
7.209057999999999993e+03 3.002819945688153247e+00
7.211448000000000320e+03 2.829322980026304890e+00
7.215033000000000357e+03 2.900666809781597522e+00
7.217422999999999774e+03 2.821263282908630821e+00
7.221007999999999811e+03 3.028514812828703384e+00
7.225190999999999804e+03 2.920702968651915477e+00
7.226984000000000378e+03 2.990046256372471234e+00
7.229373999999999796e+03 2.894096380000467761e+00
7.231166000000000167e+03 2.876854606670354642e+00
7.232958999999999833e+03 2.881214682847274666e+00
7.235349000000000160e+03 2.945524184929254830e+00
7.237140999999999622e+03 2.936740863500735266e+00
7.243115999999999985e+03 3.054568672076698910e+00
7.244908999999999651e+03 2.998989756526072803e+00
7.247298999999999978e+03 2.989981395269004416e+00
7.250884000000000015e+03 2.944594415111306596e+00
7.253274000000000342e+03 3.017540032117417503e+00
7.255065999999999804e+03 3.001876075630319995e+00
7.257457000000000335e+03 2.931149836381945484e+00
7.259248999999999796e+03 2.919678163217148459e+00
7.261042000000000371e+03 2.856098771556360383e+00
7.263431999999999789e+03 2.993678760171378350e+00
7.265224000000000160e+03 2.984874288383032592e+00
7.267016999999999825e+03 2.995412243662713081e+00
7.269407000000000153e+03 3.134867000172703477e+00
7.272992000000000189e+03 2.881990478045690196e+00
7.277173999999999978e+03 2.937868600686655007e+00
7.278966999999999643e+03 2.881150667758201500e+00
7.281356999999999971e+03 2.920548148017989121e+00
7.283149000000000342e+03 2.927770572891353673e+00
7.284942000000000007e+03 2.852128426009833184e+00
7.287332000000000335e+03 2.899002135460897023e+00
7.289123999999999796e+03 3.000875240603356531e+00
7.290917000000000371e+03 2.965209247826461336e+00
7.293306999999999789e+03 2.998431669031464963e+00
7.295100000000000364e+03 3.086987379608316928e+00
7.296891999999999825e+03 3.052133278643940351e+00
7.301074999999999818e+03 2.903022395856613258e+00
7.302867000000000189e+03 2.870114974010617104e+00
7.305256999999999607e+03 2.913451497284389013e+00
7.307050000000000182e+03 2.915349953582366815e+00
7.309439999999999600e+03 2.824428786762580579e+00
7.311231999999999971e+03 2.795097467755955911e+00
7.313024999999999636e+03 2.915999974641017012e+00
7.315414999999999964e+03 2.846737058287800437e+00
7.317207000000000335e+03 2.854905045247783768e+00
7.319000000000000000e+03 2.853144489295871722e+00
7.321390000000000327e+03 2.828724565845629257e+00
7.323181999999999789e+03 2.786735743499966667e+00
7.327364999999999782e+03 2.914273259264827054e+00
7.329158000000000357e+03 2.913777494830506853e+00
7.330949999999999818e+03 3.110851753607130732e+00
7.335132999999999811e+03 3.795622289442374786e+00
7.336925000000000182e+03 3.861444183254309159e+00
7.339314999999999600e+03 3.618030050108627993e+00
7.342899999999999636e+03 2.840446659270765117e+00
7.345289999999999964e+03 2.901757604339021412e+00
7.348875000000000000e+03 2.849343346627952300e+00
7.353057999999999993e+03 2.910608042909388793e+00
7.354850000000000364e+03 2.904873193343782134e+00
7.357239999999999782e+03 2.873457294872712176e+00
7.359033000000000357e+03 2.987238898611573212e+00
7.361422999999999774e+03 2.894559149873459525e+00
7.363215000000000146e+03 2.884972114771553464e+00
7.365007999999999811e+03 2.938970393431187489e+00
7.369190999999999804e+03 2.913436551030112120e+00
7.370983000000000175e+03 2.867735417527798703e+00
7.373372999999999593e+03 2.746739567054705233e+00
7.375166000000000167e+03 2.793472274106929554e+00
7.376957999999999629e+03 2.761660440899917468e+00
7.379347999999999956e+03 2.832246805768644293e+00
7.381140999999999622e+03 2.848038792433888133e+00
7.382932999999999993e+03 2.717163467883694672e+00
7.387115999999999985e+03 2.661971180910686741e+00
7.388908000000000357e+03 2.730371726592601078e+00
7.393091000000000349e+03 2.733592221382098231e+00
7.394882999999999811e+03 2.775474163909440684e+00
7.397273000000000138e+03 2.701944232962538273e+00
7.399065999999999804e+03 2.709834727201605453e+00
7.400859000000000378e+03 2.776885879926624057e+00
7.405041000000000167e+03 2.698042414581847126e+00
7.406833999999999833e+03 2.818118365404910897e+00
7.409224000000000160e+03 2.842788709115492196e+00
7.412809000000000196e+03 2.745215331123248781e+00
7.415198999999999614e+03 2.816327916944445064e+00
7.419381000000000313e+03 2.812984186058360869e+00
7.421173999999999978e+03 2.824212771087558416e+00
7.425355999999999767e+03 2.967030998819470078e+00
7.427149000000000342e+03 3.038482836412273791e+00
7.428940999999999804e+03 3.037239195254508139e+00
7.431331000000000131e+03 3.068182171679870507e+00
7.433123999999999796e+03 3.043111099151786902e+00
7.434917000000000371e+03 2.998480737866261236e+00
7.437306999999999789e+03 2.984602435758069383e+00
7.439099000000000160e+03 2.989481400762719510e+00
7.443282000000000153e+03 2.913488439912885752e+00
7.446867000000000189e+03 2.822596601592057830e+00
7.449256999999999607e+03 2.829625289169417357e+00
7.451048999999999978e+03 2.691684334413369406e+00
7.452841999999999643e+03 2.726324393736307528e+00
7.455231999999999971e+03 2.860845758315695875e+00
7.458817000000000007e+03 2.745642286386935638e+00
7.462998999999999796e+03 2.766937314674093429e+00
7.464792000000000371e+03 2.765579461573267395e+00
7.468974000000000160e+03 2.912572488330022580e+00
7.473157000000000153e+03 2.824312318781139197e+00
7.474949999999999818e+03 2.820408526366864344e+00
7.477340000000000146e+03 2.762655353826130700e+00
7.479131999999999607e+03 2.604133970940244680e+00
7.483314999999999600e+03 2.746652427572223054e+00
7.485106999999999971e+03 2.761897888939564005e+00
7.486899999999999636e+03 2.973181805461653227e+00
7.491082000000000335e+03 2.794716479274290677e+00
7.492875000000000000e+03 2.923222399514382452e+00
7.495265000000000327e+03 2.941606856284691318e+00
7.497056999999999789e+03 3.005261261221662927e+00
7.501239999999999782e+03 2.693899200094342916e+00
7.503032000000000153e+03 2.837530447657963251e+00
7.504824999999999818e+03 2.807157966938306437e+00
7.507215000000000146e+03 2.813264216822457087e+00
7.509007999999999811e+03 2.827469362491158655e+00
7.510800000000000182e+03 2.814003915406769529e+00
7.513189999999999600e+03 2.753097929227981133e+00
7.514983000000000175e+03 2.992680745192391356e+00
7.516774999999999636e+03 2.835079543961332327e+00
7.519164999999999964e+03 2.888909183751954934e+00
7.520957999999999629e+03 2.891076954631714990e+00
7.525140000000000327e+03 3.023672790452549108e+00
7.526932999999999993e+03 3.058112908373932903e+00
7.529323000000000320e+03 3.060013620710291704e+00
7.531114999999999782e+03 3.052095207996253556e+00
7.532908000000000357e+03 2.950790060516320423e+00
7.535297999999999774e+03 3.027389049676367350e+00
7.541273000000000138e+03 2.827196663851802683e+00
7.543065999999999804e+03 2.861334754634871302e+00
7.544858000000000175e+03 2.817611602783481217e+00
7.547247999999999593e+03 2.827693838310112007e+00
7.550832999999999629e+03 2.777411818874295335e+00
7.555015999999999622e+03 2.890199073696539500e+00
7.556807999999999993e+03 2.853482895053086388e+00
7.559198000000000320e+03 2.846216759436082100e+00
7.560990999999999985e+03 2.826260971933103328e+00
7.562783000000000357e+03 2.907795609062133302e+00
7.565172999999999774e+03 2.902045813242249750e+00
7.566966000000000349e+03 2.851078804152870738e+00
7.568757999999999811e+03 2.721388463762526300e+00
7.571148000000000138e+03 2.996946913771683541e+00
7.575331000000000131e+03 2.914164405412922321e+00
7.578916000000000167e+03 2.936364951105428389e+00
7.581305999999999585e+03 2.784106330766404902e+00
7.583099000000000160e+03 2.874264110598872435e+00
7.584890999999999622e+03 2.709181322085382426e+00
7.587280999999999949e+03 2.786346858883966604e+00
7.589073999999999614e+03 2.795199835497513163e+00
7.590865999999999985e+03 2.797645381102988438e+00
7.593256000000000313e+03 2.914378165049563485e+00
7.596841000000000349e+03 2.804398267988217341e+00
7.599230999999999767e+03 2.909245395727002581e+00
7.602815999999999804e+03 2.763884330734416750e+00
7.605206000000000131e+03 2.855480899044644971e+00
7.606998999999999796e+03 2.666491435812688771e+00
7.611180999999999585e+03 2.775729378251340584e+00
7.612974000000000160e+03 2.792801948702845927e+00
7.614766999999999825e+03 2.833631449325249463e+00
7.617157000000000153e+03 2.826896610747072103e+00
7.618948999999999614e+03 2.797451643806982524e+00
7.623131999999999607e+03 2.922359746838281147e+00
7.627314000000000306e+03 2.893838345610591389e+00
7.629106999999999971e+03 2.851773945979149794e+00
7.630899000000000342e+03 2.863964167368433955e+00
7.633288999999999760e+03 2.760444154207527312e+00
7.635082000000000335e+03 2.919031244211272025e+00
7.636873999999999796e+03 2.841191433941436806e+00
7.639264000000000124e+03 2.837269593220110409e+00
7.641056999999999789e+03 2.765296892765992887e+00
7.642849000000000160e+03 2.781608332268561412e+00
7.645238999999999578e+03 2.850994766723162321e+00
7.647032000000000153e+03 2.813584856277418389e+00
7.648824999999999818e+03 3.022429995309177109e+00
7.653006999999999607e+03 2.970145177800242564e+00
7.654800000000000182e+03 2.980744328121018860e+00
7.658981999999999971e+03 3.009223710633854409e+00
7.660774999999999636e+03 2.889672006729677278e+00
7.664957000000000335e+03 2.994750378402559754e+00
7.666750000000000000e+03 2.994326525191647548e+00
7.669140000000000327e+03 2.910817008464468891e+00
7.670931999999999789e+03 2.914039195282753347e+00
7.672725000000000364e+03 2.869412218054800512e+00
7.675114999999999782e+03 2.915758860539001240e+00
7.676907000000000153e+03 2.865954839235252294e+00
7.679296999999999571e+03 2.855586932848572346e+00
7.681090000000000146e+03 2.790125159163274304e+00
7.682882999999999811e+03 2.916178765682746032e+00
7.685273000000000138e+03 2.783550781314976241e+00
7.687064999999999600e+03 2.838235741656959910e+00
7.688858000000000175e+03 2.842137842042448348e+00
7.691247999999999593e+03 2.870137816399228825e+00
7.693039999999999964e+03 2.920975949296068741e+00
7.694832999999999629e+03 2.906674639991358333e+00
7.697222999999999956e+03 2.943509542654633826e+00
7.699015000000000327e+03 2.910084077995301222e+00
7.700807999999999993e+03 2.922116658702681669e+00
7.703198000000000320e+03 2.869620055590689667e+00
7.704989999999999782e+03 2.768858613360682064e+00
7.709172999999999774e+03 2.850140010181395844e+00
7.710965000000000146e+03 2.875395795851959591e+00
7.712757999999999811e+03 2.876559629651982419e+00
7.715148000000000138e+03 2.821340552223194464e+00
7.718733000000000175e+03 2.917048750483586694e+00
7.721122999999999593e+03 2.887952341473428497e+00
7.722916000000000167e+03 2.942361783128078834e+00
7.724707999999999629e+03 2.762731213116706108e+00
7.727097999999999956e+03 2.818557164870099996e+00
7.728890999999999622e+03 2.829605548833579398e+00
7.731280999999999949e+03 2.871805592772704863e+00
7.733073000000000320e+03 3.031274229773995188e+00
7.734865999999999985e+03 2.929420300957778167e+00
7.737256000000000313e+03 2.974078580718273024e+00
7.739047999999999774e+03 2.942131949217970721e+00
7.740841000000000349e+03 2.848031178304350597e+00
7.745023000000000138e+03 2.928580490670288583e+00
7.746815999999999804e+03 2.912371700914075490e+00
7.749206000000000131e+03 2.853665070152387351e+00
7.752791000000000167e+03 2.961091977780343498e+00
7.756974000000000160e+03 2.808533868346184015e+00
7.758765999999999622e+03 2.789995436956341557e+00
7.762948999999999614e+03 2.887409482237895730e+00
7.764740999999999985e+03 2.885388071848130842e+00
7.767131000000000313e+03 2.785718270189939894e+00
7.768923999999999978e+03 2.822035412044676228e+00
7.770716000000000349e+03 2.832462539438869165e+00
7.773105999999999767e+03 2.936502851451494145e+00
7.774899000000000342e+03 2.895411932381641407e+00
7.776690999999999804e+03 2.887698537155516831e+00
7.779081000000000131e+03 2.778919134517891187e+00
7.780873999999999796e+03 2.826450479157143647e+00
7.783264000000000124e+03 2.832917131172727920e+00
7.785055999999999585e+03 2.877544390405478048e+00
7.786849000000000160e+03 2.821197575790771239e+00
7.789238999999999578e+03 2.951816839984671148e+00
7.791032000000000153e+03 2.856169554760577434e+00
7.798798999999999978e+03 2.230599158082959832e+00
7.801189000000000306e+03 2.172266465682994863e+00
7.802981999999999971e+03 2.157766907005515655e+00
7.804774000000000342e+03 2.079661166211468348e+00
7.807163999999999760e+03 2.153729162312343348e+00
7.808957000000000335e+03 2.126700694483568022e+00
7.814931999999999789e+03 2.389098826599425074e+00
7.820907000000000153e+03 2.572907579693214153e+00
7.822698999999999614e+03 2.590046421272174548e+00
7.828675000000000182e+03 2.388943723960701426e+00
7.831064999999999600e+03 2.343500342843467088e+00
7.832856999999999971e+03 2.422712106454012471e+00
7.835247000000000298e+03 2.358721833803005374e+00
7.837039999999999964e+03 2.453754066563360148e+00
7.838832000000000335e+03 2.479812437888118559e+00
7.841221999999999753e+03 2.473301511119299079e+00
7.843015000000000327e+03 2.532899841051248657e+00
7.844806999999999789e+03 2.515436693954957725e+00
7.847197000000000116e+03 2.523032493180449976e+00
7.848989999999999782e+03 2.512443777037186798e+00
7.850782000000000153e+03 2.494489377583338552e+00
7.854965000000000146e+03 2.602633705416590892e+00
7.856756999999999607e+03 2.543341068685324835e+00
7.860939999999999600e+03 2.674412104565107029e+00
7.862733000000000175e+03 2.823733080926706052e+00
7.865122999999999593e+03 2.841853017196791953e+00
7.866914999999999964e+03 3.010819293779124273e+00
7.868707999999999629e+03 2.991078111927179428e+00
7.874682999999999993e+03 2.770903148143856853e+00
7.877073000000000320e+03 2.806804050917219406e+00
7.878864999999999782e+03 2.818289260312304201e+00
7.880658000000000357e+03 2.782035569537045561e+00
7.883047999999999774e+03 2.685832734861524074e+00
7.884840000000000146e+03 2.760799762257400758e+00
7.889023000000000138e+03 2.811332765963150848e+00
7.890814999999999600e+03 2.736471772371201538e+00
7.893204999999999927e+03 2.821873541290808696e+00
7.894997999999999593e+03 2.734544833588659074e+00
7.896791000000000167e+03 2.854722870148482805e+00
7.899180999999999585e+03 2.862090527492652470e+00
7.900972999999999956e+03 3.124098082963723044e+00
7.902765999999999622e+03 3.085527722775529114e+00
7.905155999999999949e+03 2.884895127461787112e+00
7.911131000000000313e+03 2.803408995157957939e+00
7.912922999999999774e+03 2.798672160571338274e+00
7.914716000000000349e+03 2.833494394993577359e+00
7.918898000000000138e+03 3.009985405592386698e+00
7.920690999999999804e+03 2.778552810285706443e+00
7.923081000000000131e+03 2.884255258575852743e+00
7.924872999999999593e+03 2.890274086972722145e+00
7.926666000000000167e+03 2.917510674342185695e+00
7.929055999999999585e+03 2.910904993961345610e+00
7.930849000000000160e+03 2.897292622377364957e+00
7.932640999999999622e+03 2.831163343335959759e+00
7.935030999999999949e+03 2.886238880322729017e+00
7.936823999999999614e+03 2.866233741980156680e+00
7.939213999999999942e+03 2.773201487244943308e+00
7.941006000000000313e+03 2.833559820106638760e+00
7.942798999999999978e+03 2.706507352593787274e+00
7.945189000000000306e+03 2.828808603275337674e+00
7.946980999999999767e+03 2.855362739034417174e+00
7.948774000000000342e+03 2.914289333538294891e+00
7.951163999999999760e+03 3.062687026192291384e+00
7.952956000000000131e+03 3.023302800157994241e+00
7.954748999999999796e+03 3.083309191032186369e+00
7.957139000000000124e+03 2.896839722672291728e+00
7.958930999999999585e+03 2.888178509321167375e+00
7.960724000000000160e+03 2.975215342057718537e+00
7.963113999999999578e+03 2.829281807325843445e+00
7.964905999999999949e+03 2.829832844700509220e+00
7.966698999999999614e+03 2.822558248939573744e+00
7.969088999999999942e+03 2.853417751944823166e+00
7.970881999999999607e+03 2.770653855902708962e+00
7.972673999999999978e+03 2.812171166226652197e+00
7.975064000000000306e+03 2.781460561754577121e+00
7.976856999999999971e+03 2.801562145737956477e+00
7.978649000000000342e+03 2.897172488333553453e+00
7.981038999999999760e+03 2.918320592121120605e+00
7.984623999999999796e+03 2.802979219846294612e+00
7.987014000000000124e+03 2.826667904856154045e+00
7.988806999999999789e+03 2.979269443029155973e+00
7.990599000000000160e+03 2.927293702778478668e+00
7.992988999999999578e+03 2.935644146842560254e+00
7.994782000000000153e+03 2.784088564464150650e+00
7.997171999999999571e+03 2.833253562896358879e+00
7.998963999999999942e+03 2.754359054683202856e+00
8.000756999999999607e+03 2.804376271613998384e+00
8.003146999999999935e+03 2.913186412774570577e+00
8.004939999999999600e+03 2.840245589850019847e+00
8.006731999999999971e+03 2.817296039414878273e+00
8.009122000000000298e+03 2.926989701606579786e+00
8.010914999999999964e+03 2.930725983171033278e+00
8.012707000000000335e+03 2.901716713643358148e+00
8.015096999999999753e+03 2.980274226123287740e+00
8.016890000000000327e+03 2.834823483605039662e+00
8.021072000000000116e+03 2.890188921523823673e+00
8.022864999999999782e+03 2.767793481239847253e+00
8.024657000000000153e+03 2.790673658494760012e+00
8.027046999999999571e+03 2.840767580730524600e+00
8.028840000000000146e+03 2.759330799266288992e+00
8.030631999999999607e+03 2.741027277872913892e+00
8.033021999999999935e+03 2.864726144331763535e+00
8.034814999999999600e+03 2.831590580604443907e+00
8.036608000000000175e+03 2.854137992198095830e+00
8.038997999999999593e+03 2.824748862207946409e+00
8.040789999999999964e+03 2.852725148161722402e+00
8.042582999999999629e+03 2.770899764086284911e+00
8.044972999999999956e+03 2.809876775192733156e+00
8.046765000000000327e+03 2.762060041698229718e+00
8.049154999999999745e+03 2.772109282663531182e+00
8.050948000000000320e+03 2.771196715138241728e+00
8.052739999999999782e+03 2.778007413006994497e+00
8.055130000000000109e+03 2.958999502181563379e+00
8.056922999999999774e+03 2.789655057165543184e+00
8.058715000000000146e+03 2.837525371571605781e+00
8.061104999999999563e+03 2.985022340901814175e+00
8.062898000000000138e+03 2.826814547350947393e+00
8.067079999999999927e+03 2.852146756321682020e+00
8.068872999999999593e+03 2.689832690911806878e+00
8.070664999999999964e+03 2.649165343048069055e+00
8.073055999999999585e+03 2.562677573652599960e+00
8.074847999999999956e+03 2.564768075217796373e+00
8.076640999999999622e+03 2.687069607904144952e+00
8.079030999999999949e+03 2.661899833696874218e+00
8.080823000000000320e+03 2.714628244752558039e+00
8.082615999999999985e+03 2.820993968326846790e+00
8.085006000000000313e+03 2.704536139058008715e+00
8.086797999999999774e+03 2.822901730783146768e+00
8.088591000000000349e+03 2.666439264925117847e+00
8.092773000000000138e+03 2.736564833954435727e+00
8.096956000000000131e+03 2.540496204286336379e+00
8.101137999999999920e+03 2.792043919806683760e+00
8.102930999999999585e+03 2.672790294973653502e+00
8.104722999999999956e+03 2.642306140354115485e+00
8.107113000000000284e+03 2.695750279586309972e+00
8.108905999999999949e+03 2.657949792495779562e+00
8.110698999999999614e+03 2.686708923767913149e+00
8.113088999999999942e+03 2.791440993549246130e+00
8.114881000000000313e+03 2.652300108379072263e+00
8.116673999999999978e+03 2.645696966041411358e+00
8.119064000000000306e+03 2.562430819454630360e+00
8.120855999999999767e+03 2.580646919360725100e+00
8.122649000000000342e+03 2.704434335326046046e+00
8.125038999999999760e+03 2.726952982430334238e+00
8.126831000000000131e+03 2.615631024536831717e+00
8.128623999999999796e+03 2.689739347323775398e+00
8.131014000000000124e+03 2.690705495760624899e+00
8.132805999999999585e+03 2.648792532705537717e+00
8.134599000000000160e+03 2.663045619189844615e+00
8.136988999999999578e+03 2.738278295105135207e+00
8.138780999999999949e+03 2.611078057078299430e+00
8.142963999999999942e+03 2.591363665682134609e+00
8.144756999999999607e+03 2.691062795839283872e+00
8.146548999999999978e+03 2.586532077483495229e+00
8.150731999999999971e+03 2.739702419333416294e+00
8.153122000000000298e+03 2.606410595671909469e+00
8.154913999999999760e+03 2.723308070420329408e+00
8.156707000000000335e+03 2.703410093900875388e+00
8.159096999999999753e+03 2.763017729991148030e+00
8.160889000000000124e+03 2.755138233939190329e+00
8.162681999999999789e+03 2.629402164821906140e+00
8.165072000000000116e+03 2.663906861841957685e+00
8.166863999999999578e+03 2.626636825775862327e+00
8.168657000000000153e+03 2.627715494126985796e+00
8.172838999999999942e+03 2.738710044450382242e+00
8.174631999999999607e+03 2.795969426590380280e+00
8.177021999999999935e+03 2.803771935332571630e+00
8.182997000000000298e+03 2.604148917194521573e+00
8.184789999999999964e+03 2.764393349394228316e+00
8.186582000000000335e+03 2.683315560037438097e+00
8.188971999999999753e+03 2.674474991634990140e+00
8.190765000000000327e+03 2.648676064724095447e+00
8.192557000000000698e+03 2.604117332657181372e+00
8.194947000000000116e+03 2.643980684842735407e+00
8.196739999999999782e+03 2.518062158621352076e+00
8.198531999999999243e+03 2.606117028677525482e+00
8.200922000000000480e+03 2.758461378475043801e+00
8.202715000000000146e+03 2.789278016751045364e+00
8.205104999999999563e+03 2.886939662244961902e+00
8.206897000000000844e+03 2.784809650731816966e+00
8.208690000000000509e+03 2.815172543288352536e+00
8.211079999999999927e+03 2.866304807189171910e+00
8.212871999999999389e+03 2.819674185873707550e+00
8.214665000000000873e+03 2.740091021944618177e+00
8.217055000000000291e+03 2.832695757406549220e+00
8.218847999999999956e+03 2.646105872998046671e+00
8.220639999999999418e+03 2.622940306887882045e+00
8.223030000000000655e+03 2.714209185623206899e+00
8.224823000000000320e+03 2.742206339932010906e+00
8.226614999999999782e+03 2.851224882638068614e+00
8.229004999999999200e+03 2.652454929012998619e+00
8.230798000000000684e+03 2.764513765442837112e+00
8.232590000000000146e+03 2.660173400325481552e+00
8.234979999999999563e+03 2.781250468180306079e+00
8.236772999999999229e+03 2.673099936241505326e+00
8.238565000000000509e+03 2.789290424962143078e+00
8.240954999999999927e+03 2.754969031060583440e+00
8.242747999999999593e+03 2.748938640467009087e+00
8.244540000000000873e+03 2.688320863191448140e+00
8.246930000000000291e+03 2.787824000014211379e+00
8.248722999999999956e+03 2.799578523991080203e+00
8.250515999999999622e+03 2.874431057439099213e+00
8.252906000000000859e+03 2.875926810885990115e+00
8.258880999999999403e+03 2.680800077242138535e+00
8.260673000000000684e+03 2.779117665895457279e+00
8.263063000000000102e+03 2.538883418848408624e+00
8.266647999999999229e+03 2.828159710235877533e+00
8.270831000000000131e+03 2.618232236790626111e+00
8.272622999999999593e+03 2.767231727682870179e+00
8.275013000000000829e+03 2.752911806061512756e+00
8.276806000000000495e+03 2.880204823666785430e+00
8.278597999999999956e+03 2.745076020753195678e+00
8.280987999999999374e+03 2.704393726635180961e+00
8.282781000000000859e+03 2.690877236682410967e+00
8.284574000000000524e+03 2.803595964338819080e+00
8.286963999999999942e+03 2.666768928533604921e+00
8.288755999999999403e+03 2.762266751214927929e+00
8.290549000000000888e+03 2.649343006070607132e+00
8.292939000000000306e+03 2.743871296257509584e+00
8.294730999999999767e+03 2.768413609789944552e+00
8.298914000000000669e+03 2.588167705310034705e+00
8.300706000000000131e+03 2.723668472551763919e+00
8.304888999999999214e+03 2.707119867014346148e+00
8.306681000000000495e+03 2.717457316882876839e+00
8.310863999999999578e+03 2.651995261192781506e+00
8.312656000000000859e+03 2.647689047932217932e+00
8.316838999999999942e+03 2.752300701664941229e+00
8.318630999999999403e+03 2.732876211200791161e+00
8.321022000000000844e+03 2.696052870734219731e+00
8.322814000000000306e+03 2.693646805800419486e+00
8.324606999999999971e+03 2.660947221490313375e+00
8.328789000000000669e+03 2.700407024810388634e+00
8.330582000000000335e+03 2.604802040305946420e+00
8.332971999999999753e+03 2.619248864086260120e+00
8.336557000000000698e+03 2.529803428372729535e+00
8.340738999999999578e+03 2.662567339052980486e+00
8.342531999999999243e+03 2.584894475623371157e+00
8.344922000000000480e+03 2.611531802797765422e+00
8.346713999999999942e+03 2.579241125444293736e+00
8.348506999999999607e+03 2.706609438330547235e+00
8.350897000000000844e+03 2.647636031030254244e+00
8.352689000000000306e+03 2.633835280241424215e+00
8.354481999999999971e+03 2.687526455676385595e+00
8.356871999999999389e+03 2.686806497427910223e+00
8.358665000000000873e+03 2.682786801041789460e+00
8.361055000000000291e+03 2.616042187531848917e+00
8.362846999999999753e+03 2.693720973062209367e+00
8.364639999999999418e+03 2.607734608197013415e+00
8.367030000000000655e+03 2.591207717029018198e+00
8.370614999999999782e+03 2.649300987355752923e+00
8.373004999999999200e+03 2.604064315755217685e+00
8.374797000000000480e+03 2.644262971645212623e+00
8.376590000000000146e+03 2.587624282064907355e+00
8.378979999999999563e+03 2.489558523695915682e+00
8.382565000000000509e+03 2.458037155430513820e+00
8.384954999999999927e+03 2.536132180042248940e+00
8.386746999999999389e+03 2.552682195603654947e+00
8.388540000000000873e+03 2.553171191922830374e+00
8.390930000000000291e+03 2.642366771385616708e+00
8.392722999999999956e+03 2.644054570099727108e+00
8.394514999999999418e+03 2.636212580685860729e+00
8.396905000000000655e+03 2.641203501595189351e+00
8.398698000000000320e+03 2.713651380133397240e+00
8.400489999999999782e+03 2.655387496904065614e+00
8.404673000000000684e+03 2.726168445083191116e+00
8.406465000000000146e+03 2.806791924710918984e+00
8.408854999999999563e+03 2.689147701258244538e+00
8.410647999999999229e+03 2.751863312223741254e+00
8.414829999999999927e+03 2.577025413748927463e+00
8.419013000000000829e+03 2.718676141618447062e+00
8.422597999999999956e+03 2.634644070001169069e+00
8.424987999999999374e+03 2.676353707597129095e+00
8.426781000000000859e+03 2.646702877154734068e+00
8.430962999999999738e+03 2.481678181629565216e+00
8.432755999999999403e+03 2.574578176114666661e+00
8.434548000000000684e+03 2.516312036846954037e+00
8.436938000000000102e+03 2.539275687521980629e+00
8.438730999999999767e+03 2.586135296733160338e+00
8.440522999999999229e+03 2.725715263373319708e+00
8.444706000000000131e+03 2.553430636336694981e+00
8.446497999999999593e+03 2.674288586463723583e+00
8.448888000000000829e+03 2.689609907121640830e+00
8.450681000000000495e+03 2.767181248824085671e+00
8.452472999999999956e+03 2.700020114227972279e+00
8.454862999999999374e+03 2.568088117700875195e+00
8.456656000000000859e+03 2.651947884386770760e+00
8.460837999999999738e+03 2.584891937580191978e+00
8.466814000000000306e+03 2.860214913583287277e+00
8.468605999999999767e+03 2.849357728872633722e+00
8.470995999999999185e+03 2.717988049912109183e+00
8.472789000000000669e+03 2.691730301195391029e+00
8.474581000000000131e+03 2.786762533955745802e+00
8.476970999999999549e+03 2.760601512884631958e+00
8.478763999999999214e+03 2.777446505464410187e+00
8.480556000000000495e+03 2.825158615178974486e+00
8.482945999999999913e+03 2.830545188819447056e+00
8.484738999999999578e+03 2.859948983059075189e+00
8.486531000000000859e+03 2.799045534923465972e+00
8.488921000000000276e+03 2.664019663761028944e+00
8.492505999999999403e+03 2.628175443952001089e+00
8.494896000000000640e+03 2.657829940456766238e+00
8.496689000000000306e+03 2.870647963078231335e+00
8.498481999999999971e+03 2.732591950364730238e+00
8.500871999999999389e+03 2.700291966852935488e+00
8.502664000000000669e+03 2.634966401484915899e+00
8.504457000000000335e+03 2.707829673090105693e+00
8.506846999999999753e+03 2.693820238750992857e+00
8.510432000000000698e+03 2.586473702490375004e+00
8.512822000000000116e+03 2.647390686856273767e+00
8.514613999999999578e+03 2.640802208768091575e+00
8.516406999999999243e+03 2.664180688500504601e+00
8.518797000000000480e+03 2.492163120007282018e+00
8.522978999999999360e+03 2.694699529710156582e+00
8.526564000000000306e+03 2.583320606847522960e+00
8.530746999999999389e+03 2.755615668061661694e+00
8.532540000000000873e+03 2.671429339820052817e+00
8.536721999999999753e+03 2.891291842287547098e+00
8.538514999999999418e+03 2.790075808323679851e+00
8.540905000000000655e+03 2.824927935254472722e+00
8.542697000000000116e+03 2.600209028166143632e+00
8.548672000000000480e+03 2.902768591538701592e+00
8.550465000000000146e+03 2.632385211571757644e+00
8.554647000000000844e+03 2.743024717854876116e+00
8.560621999999999389e+03 2.628329136566735613e+00
8.562415000000000873e+03 2.798412434152676376e+00
8.564805000000000291e+03 2.749711615617448146e+00
8.566596999999999753e+03 2.825302719630588655e+00
8.568389999999999418e+03 2.715631053813106099e+00
8.570780000000000655e+03 2.785260294398508307e+00
8.572573000000000320e+03 2.722085579622389950e+00
8.574962999999999738e+03 2.728104972028854824e+00
8.576754999999999200e+03 2.780821820887833695e+00
8.578548000000000684e+03 2.515277925253863955e+00
8.580938000000000102e+03 2.652142467697170325e+00
8.582729999999999563e+03 2.603220839405358866e+00
8.584522999999999229e+03 2.591959541819631063e+00
8.588704999999999927e+03 2.896380900866467378e+00
8.592888000000000829e+03 2.715737369621830766e+00
8.594680000000000291e+03 2.802236701214004810e+00
8.596472999999999956e+03 2.639202677555655185e+00
8.598862999999999374e+03 2.845918398360137047e+00
8.602448000000000320e+03 2.519774491752860612e+00
8.604837999999999738e+03 2.641008072270397911e+00
8.606630999999999403e+03 2.639594382219631719e+00
8.608423000000000684e+03 2.630129737199918161e+00
8.610813000000000102e+03 2.826588379503208515e+00
8.612605999999999767e+03 2.869486103311792213e+00
8.614397999999999229e+03 2.632861799679835357e+00
8.616788000000000466e+03 2.841820586645058988e+00
8.618581000000000131e+03 2.780961977272280450e+00
8.620372999999999593e+03 2.677678002127031220e+00
8.622763000000000829e+03 2.815684099991343281e+00
8.624556000000000495e+03 2.833009346741569345e+00
8.626945999999999913e+03 2.700540413079690616e+00
8.628737999999999374e+03 2.817389947012505225e+00
8.630531000000000859e+03 2.545523503814565380e+00
8.632921000000000276e+03 2.641610998527836429e+00
8.634712999999999738e+03 2.667248900699255465e+00
8.638896000000000640e+03 2.777382208370538841e+00
8.640689000000000306e+03 2.772284971652485552e+00
8.642480999999999767e+03 2.847433610138067728e+00
8.644870999999999185e+03 2.794346488979735810e+00
8.646664000000000669e+03 2.699664506178098833e+00
8.648456000000000131e+03 2.811825428344697286e+00
8.650845999999999549e+03 2.742831826573262965e+00
8.652638999999999214e+03 2.568145364674804476e+00
8.654431000000000495e+03 2.759419348772760294e+00
8.656820999999999913e+03 2.709109128857176252e+00
8.660406000000000859e+03 2.795255954452251501e+00
8.662796000000000276e+03 2.673606980867733185e+00
8.664588999999999942e+03 2.747781856786928323e+00
8.666380999999999403e+03 2.771332923455520181e+00
8.668771000000000640e+03 2.773385072368232507e+00
8.670564000000000306e+03 2.927953594005048288e+00
8.674746999999999389e+03 2.753703111523800651e+00
8.676539000000000669e+03 2.817863433067808288e+00
8.678929000000000087e+03 2.740151370971321221e+00
8.680721999999999753e+03 2.764256013057758032e+00
8.682513999999999214e+03 2.654667538655590242e+00
8.684904000000000451e+03 2.697413543883022236e+00
8.688488999999999578e+03 2.503324023885036276e+00
8.690879000000000815e+03 2.483828186207071909e+00
8.692672000000000480e+03 2.445989910473652884e+00
8.694463999999999942e+03 2.568898881494202868e+00
8.696853999999999360e+03 2.849355190829454543e+00
8.698647000000000844e+03 2.781815041785260512e+00
8.700439000000000306e+03 2.815389686982565642e+00
8.702828999999999724e+03 2.789994872946746085e+00
8.704621999999999389e+03 3.017646911935737641e+00
8.706414000000000669e+03 2.784661034203439911e+00
8.708804000000000087e+03 2.797408497072937372e+00
8.710596999999999753e+03 2.720349840092673332e+00
8.712389999999999418e+03 2.704174890912181439e+00
8.714780000000000655e+03 2.842982446411498110e+00
8.716572000000000116e+03 2.815644337314870072e+00
8.718364999999999782e+03 2.813983893066134279e+00
8.720754999999999200e+03 2.838945547732718566e+00
8.722547000000000480e+03 2.705481701144627493e+00
8.724340000000000146e+03 2.673934952447433844e+00
8.726729999999999563e+03 2.460809826601296102e+00
8.728522000000000844e+03 2.565221820937262365e+00
8.730912000000000262e+03 2.408503576727738071e+00
8.732704999999999927e+03 2.410122848276012419e+00
8.736887000000000626e+03 2.235437796401542165e+00
8.738680000000000291e+03 2.386464337779504952e+00
8.740471999999999753e+03 2.293702807650063846e+00
8.742861999999999171e+03 2.622584416833210419e+00
8.746448000000000320e+03 2.803541819417665337e+00
8.748837999999999738e+03 2.969821436292506611e+00
8.750629999999999200e+03 2.833460554417856159e+00
8.752423000000000684e+03 2.916463872533199719e+00
8.754813000000000102e+03 2.747772268623807079e+00
8.756604999999999563e+03 2.772290893753236674e+00
8.758397999999999229e+03 2.824463473352695431e+00
8.760788000000000466e+03 2.621090355415105932e+00
8.762579999999999927e+03 2.865305946195792153e+00
8.766763000000000829e+03 2.981454980211171168e+00
8.768555000000000291e+03 2.899789210851220211e+00
8.770347999999999956e+03 2.727079602584492335e+00
8.772737999999999374e+03 2.836080096983498500e+00
8.774530000000000655e+03 2.753433232932422037e+00
8.776323000000000320e+03 2.825643099421387916e+00
8.778712999999999738e+03 2.701344408757874405e+00
8.780505999999999403e+03 2.880734992686422302e+00
8.782896000000000640e+03 2.809034990871659865e+00
8.784688000000000102e+03 2.865267029533711707e+00
8.788870999999999185e+03 2.676607793919838052e+00
8.790663000000000466e+03 2.725844703575455164e+00
8.792456000000000131e+03 2.727348353156680894e+00
8.794845999999999549e+03 2.765672241151703403e+00
8.796638000000000829e+03 2.862723346258644774e+00
8.798431000000000495e+03 2.859782882233242063e+00
8.800820999999999913e+03 2.916023945048819677e+00
8.802612999999999374e+03 2.920776007894514414e+00
8.804406000000000859e+03 2.741827607488727558e+00
8.806796000000000276e+03 2.803605270497143032e+00
8.808587999999999738e+03 2.746432463830032589e+00
8.810380999999999403e+03 2.743032613989210944e+00
8.816355999999999767e+03 2.847082232160159876e+00
8.818745999999999185e+03 2.967117010282762202e+00
8.820539000000000669e+03 2.689409119705692852e+00
8.822331000000000131e+03 2.658778040586564195e+00
8.824720999999999549e+03 2.737104873141992023e+00
8.826513999999999214e+03 2.871140625459776885e+00
8.828306000000000495e+03 2.877877438071537952e+00
8.830695999999999913e+03 2.701306338110187610e+00
8.832488999999999578e+03 2.802730773619539484e+00
8.836671000000000276e+03 2.688654756871900808e+00
8.838463999999999942e+03 2.824330931097786213e+00
8.840853999999999360e+03 2.619021004209734826e+00
8.842646000000000640e+03 2.609045930506222355e+00
8.844439000000000306e+03 2.647839638494178693e+00
8.846828999999999724e+03 2.626040385628770402e+00
8.848620999999999185e+03 2.743943771490513051e+00
8.850414000000000669e+03 2.714569587754640523e+00
8.852804000000000087e+03 2.349666095739927130e+00
8.854596999999999753e+03 2.357489472837146494e+00
8.858779000000000451e+03 2.726065795336835684e+00
8.860572000000000116e+03 2.672306656745633724e+00
8.866547000000000480e+03 2.976499027896754690e+00
8.868338999999999942e+03 2.810974337865300932e+00
8.870728999999999360e+03 2.801538457334951104e+00
8.872522000000000844e+03 2.812246179502834842e+00
8.874314000000000306e+03 2.834101269318183292e+00
8.880289000000000669e+03 2.679247076821319240e+00
8.884471999999999753e+03 2.672096281166564502e+00
8.888655000000000655e+03 2.808419374398326340e+00
8.890447000000000116e+03 2.829049153367757974e+00
8.892836999999999534e+03 2.706395678693906071e+00
8.896422000000000480e+03 2.799975586746212386e+00
8.898811999999999898e+03 2.630646369989267264e+00
8.900604999999999563e+03 2.811228142183212597e+00
8.902397000000000844e+03 2.649944240299260123e+00
8.904787000000000262e+03 2.711695676861491044e+00
8.906579999999999927e+03 2.711271259640983367e+00
8.908371999999999389e+03 2.821894127641039418e+00
8.910762000000000626e+03 2.646098822878104606e+00
8.912555000000000291e+03 2.668477313597946043e+00
8.914346999999999753e+03 2.831655159703112545e+00
8.916736999999999171e+03 2.811324305819220548e+00
8.918530000000000655e+03 2.941045948742107008e+00
8.920322000000000116e+03 2.831665311875829261e+00
8.922712999999999738e+03 2.847873537622447770e+00
8.926298000000000684e+03 2.992525924558465000e+00
8.930479999999999563e+03 2.893629380055510403e+00
8.932272999999999229e+03 2.819144016854070678e+00
8.934663000000000466e+03 2.857409529855973851e+00
8.936454999999999927e+03 2.751675497028486461e+00
8.938844999999999345e+03 2.717592679185762528e+00
8.940638000000000829e+03 2.733661876567125226e+00
8.942430000000000291e+03 2.712777165260590984e+00
8.944819999999999709e+03 2.823930766289879379e+00
8.946612999999999374e+03 2.772675548297271142e+00
8.948405000000000655e+03 2.832027406036049300e+00
8.950795000000000073e+03 2.830995832486138397e+00
8.952587999999999738e+03 2.900757051316855240e+00
8.956770000000000437e+03 2.623017576202446577e+00
8.958563000000000102e+03 2.623442557432548838e+00
8.960355999999999767e+03 2.673266037067338452e+00
8.962745999999999185e+03 2.486876094060390230e+00
8.966331000000000131e+03 2.952030881626109604e+00
8.968720999999999549e+03 2.630245077162169487e+00
8.970513000000000829e+03 2.977151022988989482e+00
8.972306000000000495e+03 2.923591543794544556e+00
8.974695999999999913e+03 2.736721628621945790e+00
8.976487999999999374e+03 2.871988613886398589e+00
8.978281000000000859e+03 2.874136080420726103e+00
8.980671000000000276e+03 2.378509546446567313e+00
8.984255999999999403e+03 2.680948411765718298e+00
8.986646000000000640e+03 2.743114959390133833e+00
8.988438000000000102e+03 2.917514622409353109e+00
8.994414000000000669e+03 2.781383010435215297e+00
8.996804000000000087e+03 2.653485656548516758e+00
8.998595999999999549e+03 2.640404864008162100e+00
